
 *** *** *** *** NEW FILE OPEN *** *** *** *** 


--------------- Starting analysis for file: datasets/humanbot.csv

Num features in file: 25

Test iteration: 0


yx: [(11674.249207353225, 8), (10796.695599307441, 9), (7901.3993427281312, 10), (5512.5060027336003, 0), (4942.421384199768, 7), (3406.9169720463387, 1), (3406.9169720463387, 4), (2833.3460797805405, 12), (2773.3213854072301, 13), (2445.5253094740133, 14), (2044.8852742139647, 15), (1673.0280726606156, 3), (787.42580232694024, 11), (611.45223355654514, 5), (268.22148676142058, 18), (60.029816304015597, 20), (54.703813656528048, 2), (37.7166281601638, 6), (14.403979166136176, 23), (7.3758607846578768, 16), (3.3560411987554, 21), (1.2858343359931588, 22), (1.0560576647630417, 17), (0.53529227463135909, 24), (0.20609008648209098, 19)]


----- SVM_LINEAR Op: 0 --

Attribute list: {0: [8, 9, 10, 0, 7, 1, 4, 12, 13, 14, 15, 3, 11, 5, 18, 20, 2, 6, 23, 16, 21, 22, 17, 24, 19]}
Attribute list: {0: [8, 10, 7, 4, 13, 15, 11, 18, 2, 23, 21, 17, 19], 1: [9, 0, 1, 12, 14, 3, 5, 20, 6, 16, 22, 24]}
Attribute list: {0: [8, 0, 4, 14, 11, 20, 23, 22, 19], 1: [9, 7, 12, 15, 5, 2, 16, 17], 2: [10, 1, 13, 3, 18, 6, 21, 24]}
Attribute list: {0: [8, 7, 13, 11, 2, 21, 19], 1: [9, 1, 14, 5, 6, 22], 2: [10, 4, 15, 18, 23, 17], 3: [0, 12, 3, 20, 16, 24]}
Attribute list: {0: [8, 1, 15, 20, 21], 1: [9, 4, 3, 2, 22], 2: [10, 12, 11, 6, 17], 3: [0, 13, 5, 23, 24], 4: [7, 14, 18, 16, 19]}
Attribute list: {0: [8, 4, 11, 23, 19], 1: [9, 12, 5, 16], 2: [10, 13, 18, 21], 3: [0, 14, 20, 22], 4: [7, 15, 2, 17], 5: [1, 3, 6, 24]}
Attribute list: {0: [8, 12, 18, 22], 1: [9, 13, 20, 17], 2: [10, 14, 2, 24], 3: [0, 15, 6, 19], 4: [7, 3, 23], 5: [1, 11, 16], 6: [4, 5, 21]}
Attribute list: {0: [8, 13, 2, 19], 1: [9, 14, 6], 2: [10, 15, 23], 3: [0, 3, 16], 4: [7, 11, 21], 5: [1, 5, 22], 6: [4, 18, 17], 7: [12, 20, 24]}
Attribute list: {0: [8, 14, 23], 1: [9, 15, 16], 2: [10, 3, 21], 3: [0, 11, 22], 4: [7, 5, 17], 5: [1, 18, 24], 6: [4, 20, 19], 7: [12, 2], 8: [13, 6]}

All Data: 

(K,Avg,StD,Max,Min,Swing)
1,1.00000,0.00000,1.00000,1.00000,0.00000
2,1.00000,0.00000,1.00000,1.00000,0.00000
3,0.99965,0.00043,1.00000,0.99894,0.00106
4,0.99801,0.00086,1.00000,0.99309,0.00691
5,0.99894,0.00108,1.00000,0.99681,0.00319
6,0.98493,0.00444,1.00000,0.93245,0.06755
7,0.97606,0.00547,1.00000,0.94202,0.05798
8,0.97573,0.00565,1.00000,0.94043,0.05957
9,0.97683,0.00524,1.00000,0.93351,0.06649

-Detailed Info
Individual Group Accuracies

1,[1.0]
2,[1.0, 1.0]
3,[1.0, 1.0, 0.99893617021276593]
4,[1.0, 0.99946808510638296, 0.99308510638297864, 0.99946808510638296]
5,[0.99893617021276593, 0.9968085106382979, 1.0, 0.99893617021276593, 1.0]
6,[0.99946808510638296, 1.0, 0.99734042553191493, 0.99574468085106393, 0.9845744680851064, 0.93244680851063833]
7,[1.0, 0.99946808510638296, 0.99468085106382986, 0.98191489361702133, 0.94734042553191489, 0.96702127659574466, 0.94202127659574464]
8,[1.0, 0.99946808510638296, 0.99148936170212765, 0.94999999999999996, 0.98829787234042554, 0.94202127659574464, 0.94042553191489353, 0.99414893617021272]
9,[1.0, 0.99734042553191493, 0.98191489361702133, 0.98829787234042554, 0.96223404255319145, 0.94042553191489353, 0.9335106382978724, 0.99574468085106393, 0.99202127659574457]

Individual Group Standard Deviations
1,[0.0]
2,[0.0, 0.0]
3,[0.0, 0.0, 0.0013029200759484805]
4,[0.0, 0.0010638297872340274, 0.0013029200759484805, 0.0010638297872340274]
5,[0.0013029200759484805, 0.001990243290837222, 0.0, 0.002127659574468099, 0.0]
6,[0.0010638297872340274, 0.0, 0.0016820625851959577, 0.0021276595744681047, 0.0054244888442476318, 0.016360166488542226]
7,[0.0, 0.0010638297872340274, 0.0029134178590700314, 0.0074087171687149808, 0.0042553191489361486, 0.0076344149438337039, 0.014988300854899345]
8,[0.0, 0.0010638297872340274, 0.002605840151896961, 0.0077812440629403037, 0.0046371265356815504, 0.014988300854899345, 0.013094184707543805, 0.0010638297872340274]
9,[0.0, 0.0016820625851959577, 0.0042553191489361573, 0.0054763990111633045, 0.0051571062312939786, 0.013094184707543805, 0.013665141041133125, 0.0021276595744681047, 0.0016820625851959225]

Done in: 1.4324466840007517 seconds


Skipping op 1


Test iteration: 1


yx: [(37.7166281601638, 6), (7.3758607846578768, 16), (10796.695599307441, 9), (787.42580232694024, 11), (14.403979166136176, 23), (1673.0280726606156, 3), (54.703813656528048, 2), (611.45223355654514, 5), (60.029816304015597, 20), (2044.8852742139647, 15), (3406.9169720463387, 4), (2445.5253094740133, 14), (1.2858343359931588, 22), (4942.421384199768, 7), (0.20609008648209098, 19), (2773.3213854072301, 13), (2833.3460797805405, 12), (1.0560576647630417, 17), (11674.249207353225, 8), (3.3560411987554, 21), (7901.3993427281312, 10), (5512.5060027336003, 0), (268.22148676142058, 18), (3406.9169720463387, 1), (0.53529227463135909, 24)]


----- SVM_LINEAR Op: 0 --

Attribute list: {0: [6, 16, 9, 11, 23, 3, 2, 5, 20, 15, 4, 14, 22, 7, 19, 13, 12, 17, 8, 21, 10, 0, 18, 1, 24]}
Attribute list: {0: [6, 9, 23, 2, 20, 4, 22, 19, 12, 8, 10, 18, 24], 1: [16, 11, 3, 5, 15, 14, 7, 13, 17, 21, 0, 1]}
Attribute list: {0: [6, 11, 2, 15, 22, 13, 8, 0, 24], 1: [16, 23, 5, 4, 7, 12, 21, 18], 2: [9, 3, 20, 14, 19, 17, 10, 1]}
Attribute list: {0: [6, 23, 20, 22, 12, 10, 24], 1: [16, 3, 15, 7, 17, 0], 2: [9, 2, 4, 19, 8, 18], 3: [11, 5, 14, 13, 21, 1]}
Attribute list: {0: [6, 3, 4, 13, 10], 1: [16, 2, 14, 12, 0], 2: [9, 5, 22, 17, 18], 3: [11, 20, 7, 8, 1], 4: [23, 15, 19, 21, 24]}
Attribute list: {0: [6, 2, 22, 8, 24], 1: [16, 5, 7, 21], 2: [9, 20, 19, 10], 3: [11, 15, 13, 0], 4: [23, 4, 12, 18], 5: [3, 14, 17, 1]}
Attribute list: {0: [6, 5, 19, 0], 1: [16, 20, 13, 18], 2: [9, 15, 12, 1], 3: [11, 4, 17, 24], 4: [23, 14, 8], 5: [3, 22, 21], 6: [2, 7, 10]}
Attribute list: {0: [6, 20, 12, 24], 1: [16, 15, 17], 2: [9, 4, 8], 3: [11, 14, 21], 4: [23, 22, 10], 5: [3, 7, 0], 6: [2, 19, 18], 7: [5, 13, 1]}
Attribute list: {0: [6, 15, 8], 1: [16, 4, 21], 2: [9, 14, 10], 3: [11, 22, 0], 4: [23, 7, 18], 5: [3, 19, 1], 6: [2, 13, 24], 7: [5, 12], 8: [20, 17]}

All Data: 

(K,Avg,StD,Max,Min,Swing)
1,1.00000,0.00000,1.00000,1.00000,0.00000
2,1.00000,0.00000,1.00000,1.00000,0.00000
3,0.99929,0.00106,1.00000,0.99840,0.00160
4,0.99481,0.00198,1.00000,0.98085,0.01915
5,0.99670,0.00241,0.99947,0.98989,0.00957
6,0.99167,0.00263,1.00000,0.96436,0.03564
7,0.97264,0.00613,1.00000,0.90213,0.09787
8,0.95598,0.00737,0.99840,0.73989,0.25851
9,0.94610,0.00950,0.99894,0.72553,0.27340

-Detailed Info
Individual Group Accuracies

1,[1.0]
2,[1.0, 1.0]
3,[1.0, 0.99946808510638296, 0.998404255319149]
4,[1.0, 0.98085106382978715, 0.998404255319149, 1.0]
5,[0.998404255319149, 0.99946808510638296, 0.99627659574468086, 0.99946808510638296, 0.98989361702127654]
6,[0.9968085106382979, 0.9643617021276597, 0.99414893617021283, 0.99946808510638296, 1.0, 0.9952127659574469]
7,[0.97074468085106391, 0.98989361702127654, 1.0, 0.96755319148936181, 1.0, 0.90212765957446805, 0.9781914893617023]
8,[0.9952127659574469, 0.9893617021276595, 0.99787234042553197, 0.98936170212765973, 0.98031914893617034, 0.95744680851063835, 0.73989361702127665, 0.998404255319149]
9,[0.99893617021276593, 0.93138297872340436, 0.998404255319149, 0.98829787234042554, 0.95478723404255317, 0.92978723404255326, 0.99095744680851061, 0.9968085106382979, 0.72553191489361701]

Individual Group Standard Deviations
1,[0.0]
2,[0.0, 0.0]
3,[0.0, 0.0010638297872340274, 0.0021276595744680938]
4,[0.0, 0.0066008902372291711, 0.0013029200759484805, 0.0]
5,[0.0013029200759484805, 0.0010638297872340274, 0.0027122444221238311, 0.0010638297872340274, 0.0059231535774787163]
6,[0.0026058401518970018, 0.0064271521136141548, 0.0031015701568326082, 0.0010638297872340274, 0.0, 0.0026058401518970153]
7,[0.0089006385801497275, 0.0026058401518969879, 0.0, 0.0074087171687149712, 0.0, 0.018836097031516761, 0.0051571062312939786]
8,[0.001990243290837222, 0.0055787704689901412, 0.0010638297872340274, 0.0053191489361702144, 0.0036076223314496117, 0.0069353217076624039, 0.032328875317069648, 0.0021276595744680938]
9,[0.0013029200759484805, 0.013498486745159086, 0.0021276595744680938, 0.0054763990111633045, 0.0047575914414889333, 0.015287348790638216, 0.0036076223314496251, 0.0010638297872340716, 0.03833479307814306]

Done in: 1.4361749140007305 seconds


Skipping op 1


Test iteration: 2


yx: [(4942.421384199768, 7), (2044.8852742139647, 15), (2773.3213854072301, 13), (7.3758607846578768, 16), (1673.0280726606156, 3), (10796.695599307441, 9), (0.20609008648209098, 19), (11674.249207353225, 8), (14.403979166136176, 23), (37.7166281601638, 6), (0.53529227463135909, 24), (268.22148676142058, 18), (60.029816304015597, 20), (1.0560576647630417, 17), (3406.9169720463387, 1), (7901.3993427281312, 10), (787.42580232694024, 11), (5512.5060027336003, 0), (54.703813656528048, 2), (611.45223355654514, 5), (3406.9169720463387, 4), (3.3560411987554, 21), (2833.3460797805405, 12), (2445.5253094740133, 14), (1.2858343359931588, 22)]


----- SVM_LINEAR Op: 0 --

Attribute list: {0: [7, 15, 13, 16, 3, 9, 19, 8, 23, 6, 24, 18, 20, 17, 1, 10, 11, 0, 2, 5, 4, 21, 12, 14, 22]}
Attribute list: {0: [7, 13, 3, 19, 23, 24, 20, 1, 11, 2, 4, 12, 22], 1: [15, 16, 9, 8, 6, 18, 17, 10, 0, 5, 21, 14]}
Attribute list: {0: [7, 16, 19, 6, 20, 10, 2, 21, 22], 1: [15, 3, 8, 24, 17, 11, 5, 12], 2: [13, 9, 23, 18, 1, 0, 4, 14]}
Attribute list: {0: [7, 3, 23, 20, 11, 4, 22], 1: [15, 9, 6, 17, 0, 21], 2: [13, 19, 24, 1, 2, 12], 3: [16, 8, 18, 10, 5, 14]}
Attribute list: {0: [7, 9, 24, 10, 4], 1: [15, 19, 18, 11, 21], 2: [13, 8, 20, 0, 12], 3: [16, 23, 17, 2, 14], 4: [3, 6, 1, 5, 22]}
Attribute list: {0: [7, 19, 20, 2, 22], 1: [15, 8, 17, 5], 2: [13, 23, 1, 4], 3: [16, 6, 10, 21], 4: [3, 24, 11, 12], 5: [9, 18, 0, 14]}
Attribute list: {0: [7, 8, 1, 21], 1: [15, 23, 10, 12], 2: [13, 6, 11, 14], 3: [16, 24, 0, 22], 4: [3, 18, 2], 5: [9, 20, 5], 6: [19, 17, 4]}
Attribute list: {0: [7, 23, 11, 22], 1: [15, 6, 0], 2: [13, 24, 2], 3: [16, 18, 5], 4: [3, 20, 4], 5: [9, 17, 21], 6: [19, 1, 12], 7: [8, 10, 14]}
Attribute list: {0: [7, 6, 2], 1: [15, 24, 5], 2: [13, 18, 4], 3: [16, 20, 21], 4: [3, 17, 12], 5: [9, 1, 14], 6: [19, 10, 22], 7: [8, 11], 8: [23, 0]}

All Data: 

(K,Avg,StD,Max,Min,Swing)
1,1.00000,0.00000,1.00000,1.00000,0.00000
2,0.99947,0.00065,1.00000,0.99894,0.00106
3,0.99273,0.00252,1.00000,0.97926,0.02074
4,0.99561,0.00185,1.00000,0.98564,0.01436
5,0.98106,0.00601,1.00000,0.94202,0.05798
6,0.98741,0.00245,0.99840,0.95053,0.04787
7,0.96801,0.00635,1.00000,0.90691,0.09309
8,0.96609,0.00552,1.00000,0.83936,0.16064
9,0.95414,0.00778,0.99947,0.72553,0.27394

-Detailed Info
Individual Group Accuracies

1,[1.0]
2,[0.99893617021276593, 1.0]
3,[0.97925531914893627, 1.0, 0.99893617021276593]
4,[0.98563829787234047, 0.99734042553191493, 0.99946808510638296, 1.0]
5,[0.99627659574468086, 0.98670212765957444, 1.0, 0.98031914893617011, 0.94202127659574475]
6,[0.95053191489361699, 0.998404255319149, 0.9968085106382979, 0.98191489361702133, 0.998404255319149, 0.998404255319149]
7,[0.99734042553191493, 1.0, 0.99468085106382986, 0.94946808510638303, 0.90691489361702116, 0.99574468085106393, 0.9319148936170214]
8,[0.98882978723404258, 0.98191489361702133, 0.99095744680851061, 0.83936170212765959, 0.9335106382978724, 0.99468085106382986, 0.99946808510638296, 1.0]
9,[0.95159574468085106, 0.98617021276595751, 0.9968085106382979, 0.72553191489361701, 0.99893617021276593, 0.99946808510638296, 0.98031914893617034, 0.99893617021276593, 0.94946808510638303]

Individual Group Standard Deviations
1,[0.0]
2,[0.0013029200759484805, 0.0]
3,[0.0054244888442476491, 0.0, 0.002127659574468099]
4,[0.0046371265356815825, 0.0016820625851959577, 0.0010638297872340274, 0.0]
5,[0.0027122444221238311, 0.0084103129259797387, 0.0, 0.0057288987309941563, 0.013180331588684981]
6,[0.0054763990111633002, 0.0021276595744680938, 0.0010638297872340718, 0.0026058401518970153, 0.0013029200759484805, 0.0021276595744680938]
7,[0.0016820625851959577, 0.0, 0.0023787957207444732, 0.0073319408255798817, 0.016566395215316422, 0.0021276595744681047, 0.014332120835433499]
8,[0.0039087602278454932, 0.0074087171687149808, 0.0036076223314496251, 0.0098941889562437543, 0.01586854669167689, 0.0023787957207444732, 0.0010638297872340274, 0.0]
9,[0.006157360054675631, 0.0051571062312939439, 0.0039087602278454836, 0.039138238593930091, 0.0013029200759484805, 0.0010638297872340274, 0.0036076223314496117, 0.0013029200759484805, 0.0084103129259797387]

Done in: 1.461024718999397 seconds


Skipping op 1


Test iteration: 3


yx: [(611.45223355654514, 5), (54.703813656528048, 2), (1.2858343359931588, 22), (1673.0280726606156, 3), (2445.5253094740133, 14), (3406.9169720463387, 1), (3406.9169720463387, 4), (3.3560411987554, 21), (37.7166281601638, 6), (5512.5060027336003, 0), (10796.695599307441, 9), (2773.3213854072301, 13), (14.403979166136176, 23), (2833.3460797805405, 12), (0.53529227463135909, 24), (60.029816304015597, 20), (2044.8852742139647, 15), (11674.249207353225, 8), (4942.421384199768, 7), (7.3758607846578768, 16), (1.0560576647630417, 17), (0.20609008648209098, 19), (268.22148676142058, 18), (7901.3993427281312, 10), (787.42580232694024, 11)]


----- SVM_LINEAR Op: 0 --

Attribute list: {0: [5, 2, 22, 3, 14, 1, 4, 21, 6, 0, 9, 13, 23, 12, 24, 20, 15, 8, 7, 16, 17, 19, 18, 10, 11]}
Attribute list: {0: [5, 22, 14, 4, 6, 9, 23, 24, 15, 7, 17, 18, 11], 1: [2, 3, 1, 21, 0, 13, 12, 20, 8, 16, 19, 10]}
Attribute list: {0: [5, 3, 4, 0, 23, 20, 7, 19, 11], 1: [2, 14, 21, 9, 12, 15, 16, 18], 2: [22, 1, 6, 13, 24, 8, 17, 10]}
Attribute list: {0: [5, 14, 6, 23, 15, 17, 11], 1: [2, 1, 0, 12, 8, 19], 2: [22, 4, 9, 24, 7, 18], 3: [3, 21, 13, 20, 16, 10]}
Attribute list: {0: [5, 1, 9, 20, 17], 1: [2, 4, 13, 15, 19], 2: [22, 21, 23, 8, 18], 3: [3, 6, 12, 7, 10], 4: [14, 0, 24, 16, 11]}
Attribute list: {0: [5, 4, 23, 7, 11], 1: [2, 21, 12, 16], 2: [22, 6, 24, 17], 3: [3, 0, 20, 19], 4: [14, 9, 15, 18], 5: [1, 13, 8, 10]}
Attribute list: {0: [5, 21, 24, 19], 1: [2, 6, 20, 18], 2: [22, 0, 15, 10], 3: [3, 9, 8, 11], 4: [14, 13, 7], 5: [1, 23, 16], 6: [4, 12, 17]}
Attribute list: {0: [5, 6, 15, 11], 1: [2, 0, 8], 2: [22, 9, 7], 3: [3, 13, 16], 4: [14, 23, 17], 5: [1, 12, 19], 6: [4, 24, 18], 7: [21, 20, 10]}
Attribute list: {0: [5, 0, 7], 1: [2, 9, 16], 2: [22, 13, 17], 3: [3, 23, 19], 4: [14, 12, 18], 5: [1, 24, 10], 6: [4, 20, 11], 7: [21, 15], 8: [6, 8]}

All Data: 

(K,Avg,StD,Max,Min,Swing)
1,1.00000,0.00000,1.00000,1.00000,0.00000
2,1.00000,0.00000,1.00000,1.00000,0.00000
3,0.99840,0.00142,1.00000,0.99574,0.00426
4,0.99761,0.00141,1.00000,0.99681,0.00319
5,0.99809,0.00148,1.00000,0.99628,0.00372
6,0.94335,0.00941,1.00000,0.72553,0.27447
7,0.92196,0.01198,1.00000,0.76011,0.23989
8,0.98431,0.00485,0.99947,0.94043,0.05904
9,0.97654,0.00578,0.99681,0.90479,0.09202

-Detailed Info
Individual Group Accuracies

1,[1.0]
2,[1.0, 1.0]
3,[0.99574468085106393, 1.0, 0.99946808510638296]
4,[0.9968085106382979, 1.0, 0.9968085106382979, 0.9968085106382979]
5,[0.99627659574468086, 0.99787234042553197, 0.99627659574468086, 1.0, 1.0]
6,[0.98670212765957444, 0.99574468085106393, 0.72553191489361701, 0.95265957446808525, 1.0, 0.99946808510638296]
7,[0.77234042553191495, 0.76010638297872346, 0.99148936170212765, 0.99893617021276593, 1.0, 0.93138297872340436, 0.99946808510638296]
8,[0.9893617021276595, 0.9968085106382979, 0.9952127659574469, 0.99361702127659579, 0.97925531914893615, 0.99946808510638296, 0.94042553191489353, 0.98031914893617034]
9,[0.9691489361702128, 0.99414893617021283, 0.9893617021276595, 0.90478723404255312, 0.99414893617021283, 0.98244680851063837, 0.96808510638297884, 0.98989361702127654, 0.9968085106382979]

Individual Group Standard Deviations
1,[0.0]
2,[0.0, 0.0]
3,[0.0031914893617021344, 0.0, 0.0010638297872340274]
4,[0.001990243290837222, 0.0, 0.0026058401518970018, 0.0010638297872340718]
5,[0.0027122444221238311, 0.0019902432908372103, 0.0027122444221238311, 0.0, 0.0]
6,[0.0058268357181400629, 0.0021276595744681047, 0.03833479307814306, 0.0091204405316394916, 0.0, 0.0010638297872340274]
7,[0.018318271657151639, 0.046352957295817752, 0.002605840151896961, 0.0013029200759484805, 0.0, 0.014213180016901465, 0.0010638297872340274]
8,[0.0078895728586124217, 0.0026058401518970018, 0.001990243290837222, 0.003980486581674385, 0.0045757049292779748, 0.0010638297872340274, 0.013094184707543805, 0.0036076223314496117]
9,[0.0052116803037939897, 0.0031015701568326082, 0.0023787957207444732, 0.018069455054747892, 0.0039087602278455201, 0.0043212970237425227, 0.0065146003797424837, 0.0059231535774787163, 0.0026058401518970018]

Done in: 1.5862710849996802 seconds


Skipping op 1


Test iteration: 4


yx: [(4942.421384199768, 7), (14.403979166136176, 23), (787.42580232694024, 11), (7901.3993427281312, 10), (3.3560411987554, 21), (2833.3460797805405, 12), (3406.9169720463387, 1), (1.2858343359931588, 22), (3406.9169720463387, 4), (5512.5060027336003, 0), (611.45223355654514, 5), (0.20609008648209098, 19), (1.0560576647630417, 17), (37.7166281601638, 6), (10796.695599307441, 9), (2445.5253094740133, 14), (54.703813656528048, 2), (0.53529227463135909, 24), (11674.249207353225, 8), (7.3758607846578768, 16), (60.029816304015597, 20), (2044.8852742139647, 15), (2773.3213854072301, 13), (1673.0280726606156, 3), (268.22148676142058, 18)]


----- SVM_LINEAR Op: 0 --

Attribute list: {0: [7, 23, 11, 10, 21, 12, 1, 22, 4, 0, 5, 19, 17, 6, 9, 14, 2, 24, 8, 16, 20, 15, 13, 3, 18]}
Attribute list: {0: [7, 11, 21, 1, 4, 5, 17, 9, 2, 8, 20, 13, 18], 1: [23, 10, 12, 22, 0, 19, 6, 14, 24, 16, 15, 3]}
Attribute list: {0: [7, 10, 1, 0, 17, 14, 8, 15, 18], 1: [23, 21, 22, 5, 6, 2, 16, 13], 2: [11, 12, 4, 19, 9, 24, 20, 3]}
Attribute list: {0: [7, 21, 4, 17, 2, 20, 18], 1: [23, 12, 0, 6, 24, 15], 2: [11, 1, 5, 9, 8, 13], 3: [10, 22, 19, 14, 16, 3]}
Attribute list: {0: [7, 12, 5, 14, 20], 1: [23, 1, 19, 2, 15], 2: [11, 22, 17, 24, 13], 3: [10, 4, 6, 8, 3], 4: [21, 0, 9, 16, 18]}
Attribute list: {0: [7, 1, 17, 8, 18], 1: [23, 22, 6, 16], 2: [11, 4, 9, 20], 3: [10, 0, 14, 15], 4: [21, 5, 2, 13], 5: [12, 19, 24, 3]}
Attribute list: {0: [7, 22, 9, 15], 1: [23, 4, 14, 13], 2: [11, 0, 2, 3], 3: [10, 5, 24, 18], 4: [21, 19, 8], 5: [12, 17, 16], 6: [1, 6, 20]}
Attribute list: {0: [7, 4, 2, 18], 1: [23, 0, 24], 2: [11, 5, 8], 3: [10, 19, 16], 4: [21, 17, 20], 5: [12, 6, 15], 6: [1, 9, 13], 7: [22, 14, 3]}
Attribute list: {0: [7, 0, 8], 1: [23, 5, 16], 2: [11, 19, 20], 3: [10, 17, 15], 4: [21, 6, 13], 5: [12, 9, 3], 6: [1, 14, 18], 7: [22, 2], 8: [4, 24]}

All Data: 

(K,Avg,StD,Max,Min,Swing)
1,1.00000,0.00000,1.00000,1.00000,0.00000
2,0.99973,0.00053,1.00000,0.99947,0.00053
3,0.99911,0.00056,1.00000,0.99734,0.00266
4,0.98750,0.00252,1.00000,0.95585,0.04415
5,0.99138,0.00265,1.00000,0.96915,0.03085
6,0.95266,0.00750,0.99894,0.72553,0.27340
7,0.98480,0.00430,0.99681,0.93457,0.06223
8,0.94953,0.00824,0.99947,0.72500,0.27447
9,0.93174,0.00941,1.00000,0.72181,0.27819

-Detailed Info
Individual Group Accuracies

1,[1.0]
2,[1.0, 0.99946808510638296]
3,[1.0, 0.99734042553191493, 1.0]
4,[0.95585106382978713, 0.99946808510638296, 1.0, 0.99468085106382986]
5,[1.0, 0.9691489361702128, 0.99361702127659579, 0.99734042553191493, 0.9968085106382979]
6,[0.99893617021276593, 0.72553191489361701, 0.998404255319149, 0.9968085106382979, 0.99734042553191493, 0.99893617021276593]
7,[0.9968085106382979, 0.99574468085106393, 0.98829787234042554, 0.98670212765957444, 0.9968085106382979, 0.99468085106382964, 0.93457446808510647]
8,[0.9537234042553191, 0.94946808510638303, 0.99946808510638296, 0.98031914893617034, 0.72499999999999998, 0.998404255319149, 0.99946808510638296, 0.99042553191489358]
9,[0.9968085106382979, 0.77500000000000002, 0.98085106382978715, 0.99148936170212765, 0.99202127659574457, 1.0, 0.99574468085106393, 0.72180851063829787, 0.9319148936170214]

Individual Group Standard Deviations
1,[0.0]
2,[0.0, 0.0010638297872340274]
3,[0.0, 0.0016820625851959577, 0.0]
4,[0.0066436148919131821, 0.0010638297872340274, 0.0, 0.0023787957207444732]
5,[0.0, 0.0059707298725115996, 0.0036076223314496052, 0.0016820625851959577, 0.001990243290837222]
6,[0.0013029200759484805, 0.03833479307814306, 0.0013029200759484805, 0.0010638297872340718, 0.0016820625851959577, 0.0013029200759484805]
7,[0.0026058401518970018, 0.0021276595744681047, 0.0054763990111633045, 0.0016820625851959577, 0.0026058401518970018, 0.0016820625851959577, 0.013931703035860426]
8,[0.0083427591177436741, 0.0084103129259797387, 0.0010638297872340274, 0.0036076223314496117, 0.038964354408111537, 0.0013029200759484805, 0.0010638297872340274, 0.0031914893617021344]
9,[0.0026058401518970018, 0.019514825880685243, 0.0066008902372291962, 0.002605840151896961, 0.0016820625851959225, 0.0, 0.0021276595744681047, 0.035227065297443481, 0.014332120835433499]

Done in: 1.5364587510011916 seconds


Skipping op 1


Test iteration: 5


yx: [(0.20609008648209098, 19), (1.0560576647630417, 17), (3.3560411987554, 21), (2044.8852742139647, 15), (611.45223355654514, 5), (14.403979166136176, 23), (1673.0280726606156, 3), (0.53529227463135909, 24), (2773.3213854072301, 13), (2833.3460797805405, 12), (7.3758607846578768, 16), (37.7166281601638, 6), (7901.3993427281312, 10), (10796.695599307441, 9), (268.22148676142058, 18), (2445.5253094740133, 14), (11674.249207353225, 8), (787.42580232694024, 11), (60.029816304015597, 20), (3406.9169720463387, 4), (5512.5060027336003, 0), (1.2858343359931588, 22), (4942.421384199768, 7), (3406.9169720463387, 1), (54.703813656528048, 2)]


----- SVM_LINEAR Op: 0 --

Attribute list: {0: [19, 17, 21, 15, 5, 23, 3, 24, 13, 12, 16, 6, 10, 9, 18, 14, 8, 11, 20, 4, 0, 22, 7, 1, 2]}
Attribute list: {0: [19, 21, 5, 3, 13, 16, 10, 18, 8, 20, 0, 7, 2], 1: [17, 15, 23, 24, 12, 6, 9, 14, 11, 4, 22, 1]}
Attribute list: {0: [19, 15, 3, 12, 10, 14, 20, 22, 2], 1: [17, 5, 24, 16, 9, 8, 4, 7], 2: [21, 23, 13, 6, 18, 11, 0, 1]}
Attribute list: {0: [19, 5, 13, 10, 8, 0, 2], 1: [17, 23, 12, 9, 11, 22], 2: [21, 3, 16, 18, 20, 7], 3: [15, 24, 6, 14, 4, 1]}
Attribute list: {0: [19, 23, 16, 14, 0], 1: [17, 3, 6, 8, 22], 2: [21, 24, 10, 11, 7], 3: [15, 13, 9, 20, 1], 4: [5, 12, 18, 4, 2]}
Attribute list: {0: [19, 3, 10, 20, 2], 1: [17, 24, 9, 4], 2: [21, 13, 18, 0], 3: [15, 12, 14, 22], 4: [5, 16, 8, 7], 5: [23, 6, 11, 1]}
Attribute list: {0: [19, 24, 18, 22], 1: [17, 13, 14, 7], 2: [21, 12, 8, 1], 3: [15, 16, 11, 2], 4: [5, 6, 20], 5: [23, 10, 4], 6: [3, 9, 0]}
Attribute list: {0: [19, 13, 8, 2], 1: [17, 12, 11], 2: [21, 16, 20], 3: [15, 6, 4], 4: [5, 10, 0], 5: [23, 9, 22], 6: [3, 18, 7], 7: [24, 14, 1]}
Attribute list: {0: [19, 12, 20], 1: [17, 16, 4], 2: [21, 6, 0], 3: [15, 10, 22], 4: [5, 9, 7], 5: [23, 18, 1], 6: [3, 14, 2], 7: [24, 8], 8: [13, 11]}

All Data: 

(K,Avg,StD,Max,Min,Swing)
1,1.00000,0.00000,1.00000,1.00000,0.00000
2,0.99973,0.00053,1.00000,0.99947,0.00053
3,0.99911,0.00102,1.00000,0.99787,0.00213
4,0.98803,0.00239,1.00000,0.95532,0.04468
5,0.99798,0.00128,1.00000,0.99574,0.00426
6,0.98998,0.00320,0.99894,0.96862,0.03032
7,0.92576,0.01021,1.00000,0.72553,0.27447
8,0.95199,0.00783,1.00000,0.72553,0.27447
9,0.97654,0.00560,0.99681,0.93191,0.06489

-Detailed Info
Individual Group Accuracies

1,[1.0]
2,[0.99946808510638296, 1.0]
3,[1.0, 0.99787234042553197, 0.99946808510638296]
4,[0.99946808510638296, 1.0, 0.95531914893617009, 0.99734042553191493]
5,[0.99574468085106393, 0.9968085106382979, 0.99734042553191493, 1.0, 1.0]
6,[0.98244680851063837, 0.99574468085106393, 0.99627659574468086, 0.99893617021276593, 0.99787234042553197, 0.96861702127659588]
7,[0.72553191489361701, 1.0, 1.0, 0.9893617021276595, 0.7872340425531914, 0.98244680851063837, 0.99574468085106393]
8,[1.0, 0.99734042553191493, 0.72553191489361701, 0.9691489361702128, 0.98191489361702133, 0.99468085106382986, 0.9521276595744681, 0.9952127659574469]
9,[0.99414893617021272, 0.9319148936170214, 0.95159574468085106, 0.99148936170212765, 0.99574468085106393, 0.94095744680851057, 0.99255319148936161, 0.9968085106382979, 0.99361702127659579]

Individual Group Standard Deviations
1,[0.0]
2,[0.0010638297872340274, 0.0]
3,[0.0, 0.0019902432908372103, 0.0010638297872340274]
4,[0.0010638297872340274, 0.0, 0.0068118342951413412, 0.0016820625851959577]
5,[0.0021276595744681047, 0.0026058401518970018, 0.0016820625851959577, 0.0, 0.0]
6,[0.0027122444221238137, 0.0031914893617021344, 0.0036076223314496021, 0.0013029200759484805, 0.0019902432908372103, 0.0063829787234042454]
7,[0.03833479307814306, 0.0, 0.0, 0.0069353217076624047, 0.018654976507181047, 0.0043212970237425227, 0.0031914893617021344]
8,[0.0, 0.0023787957207444732, 0.039138238593930091, 0.0043212970237425392, 0.0048750805265487356, 0.0023787957207444732, 0.0069353217076623614, 0.0026058401518970153]
9,[0.0010638297872340274, 0.014332120835433499, 0.0077812440629403037, 0.002605840151896961, 0.0021276595744681047, 0.012743775053947817, 0.0035283242450589529, 0.0026058401518970018, 0.0036076223314496052]

Done in: 1.534667455998715 seconds


Skipping op 1


Test iteration: 6


yx: [(37.7166281601638, 6), (10796.695599307441, 9), (11674.249207353225, 8), (1.2858343359931588, 22), (14.403979166136176, 23), (2773.3213854072301, 13), (4942.421384199768, 7), (2044.8852742139647, 15), (611.45223355654514, 5), (1.0560576647630417, 17), (3406.9169720463387, 1), (3.3560411987554, 21), (2445.5253094740133, 14), (3406.9169720463387, 4), (60.029816304015597, 20), (1673.0280726606156, 3), (5512.5060027336003, 0), (54.703813656528048, 2), (7.3758607846578768, 16), (0.20609008648209098, 19), (268.22148676142058, 18), (787.42580232694024, 11), (7901.3993427281312, 10), (2833.3460797805405, 12), (0.53529227463135909, 24)]


----- SVM_LINEAR Op: 0 --

Attribute list: {0: [6, 9, 8, 22, 23, 13, 7, 15, 5, 17, 1, 21, 14, 4, 20, 3, 0, 2, 16, 19, 18, 11, 10, 12, 24]}
Attribute list: {0: [6, 8, 23, 7, 5, 1, 14, 20, 0, 16, 18, 10, 24], 1: [9, 22, 13, 15, 17, 21, 4, 3, 2, 19, 11, 12]}
Attribute list: {0: [6, 22, 7, 17, 14, 3, 16, 11, 24], 1: [9, 23, 15, 1, 4, 0, 19, 10], 2: [8, 13, 5, 21, 20, 2, 18, 12]}
Attribute list: {0: [6, 23, 5, 14, 0, 18, 24], 1: [9, 13, 17, 4, 2, 11], 2: [8, 7, 1, 20, 16, 10], 3: [22, 15, 21, 3, 19, 12]}
Attribute list: {0: [6, 13, 1, 3, 18], 1: [9, 7, 21, 0, 11], 2: [8, 15, 14, 2, 10], 3: [22, 5, 4, 16, 12], 4: [23, 17, 20, 19, 24]}
Attribute list: {0: [6, 7, 14, 16, 24], 1: [9, 15, 4, 19], 2: [8, 5, 20, 18], 3: [22, 17, 3, 11], 4: [23, 1, 0, 10], 5: [13, 21, 2, 12]}
Attribute list: {0: [6, 15, 20, 11], 1: [9, 5, 3, 10], 2: [8, 17, 0, 12], 3: [22, 1, 2, 24], 4: [23, 21, 16], 5: [13, 14, 19], 6: [7, 4, 18]}
Attribute list: {0: [6, 5, 0, 24], 1: [9, 17, 2], 2: [8, 1, 16], 3: [22, 21, 19], 4: [23, 14, 18], 5: [13, 4, 11], 6: [7, 20, 10], 7: [15, 3, 12]}
Attribute list: {0: [6, 17, 16], 1: [9, 1, 19], 2: [8, 21, 18], 3: [22, 14, 11], 4: [23, 4, 10], 5: [13, 20, 12], 6: [7, 3, 24], 7: [15, 0], 8: [5, 2]}

All Data: 

(K,Avg,StD,Max,Min,Swing)
1,1.00000,0.00000,1.00000,1.00000,0.00000
2,1.00000,0.00000,1.00000,1.00000,0.00000
3,0.99911,0.00056,1.00000,0.99734,0.00266
4,0.99867,0.00124,1.00000,0.99681,0.00319
5,0.94447,0.00835,1.00000,0.72553,0.27447
6,0.98289,0.00470,1.00000,0.92394,0.07606
7,0.94119,0.01013,1.00000,0.72606,0.27394
8,0.95612,0.00798,0.99947,0.72500,0.27447
9,0.94994,0.00889,0.99628,0.72553,0.27074

-Detailed Info
Individual Group Accuracies

1,[1.0]
2,[1.0, 1.0]
3,[1.0, 0.99734042553191493, 1.0]
4,[0.998404255319149, 1.0, 0.9968085106382979, 0.99946808510638296]
5,[0.998404255319149, 0.998404255319149, 1.0, 1.0, 0.72553191489361701]
6,[1.0, 0.99787234042553197, 0.998404255319149, 0.92393617021276597, 0.9813829787234043, 0.99574468085106393]
7,[0.99042553191489358, 0.99627659574468086, 1.0, 0.9319148936170214, 0.72606382978723405, 0.99042553191489358, 0.95319148936170206]
8,[0.97074468085106391, 0.99414893617021283, 0.99787234042553197, 0.72499999999999998, 0.98351063829787244, 0.99946808510638296, 0.97872340425531923, 0.99946808510638296]
9,[0.72553191489361701, 0.99574468085106393, 0.99627659574468086, 0.98936170212765973, 0.98244680851063837, 0.99414893617021283, 0.94574468085106389, 0.98085106382978715, 0.93936170212765957]

Individual Group Standard Deviations
1,[0.0]
2,[0.0, 0.0]
3,[0.0, 0.0016820625851959577, 0.0]
4,[0.0013029200759484805, 0.0, 0.0026058401518970018, 0.0010638297872340274]
5,[0.0021276595744680938, 0.0013029200759484805, 0.0, 0.0, 0.03833479307814306]
6,[0.0, 0.0010638297872340274, 0.0021276595744680938, 0.018926007313465106, 0.003364125170391898, 0.0027122444221238311]
7,[0.0057288987309941477, 0.0027122444221238311, 0.0, 0.012654656652521626, 0.0385041724911784, 0.0021276595744680938, 0.0091514098585560016]
8,[0.0089006385801497275, 0.0031015701568326082, 0.0010638297872340274, 0.03823132516184341, 0.004575704929277993, 0.0010638297872340274, 0.0058268357181400629, 0.0010638297872340274]
9,[0.03833479307814306, 0.0031914893617021344, 0.0027122444221238311, 0.0053191489361702144, 0.0043212970237425227, 0.0031015701568326078, 0.0052116803037939897, 0.006600890237229198, 0.011208142290268876]

Done in: 1.6380117799999425 seconds


Skipping op 1


Test iteration: 7


yx: [(14.403979166136176, 23), (1673.0280726606156, 3), (611.45223355654514, 5), (1.0560576647630417, 17), (10796.695599307441, 9), (0.53529227463135909, 24), (54.703813656528048, 2), (37.7166281601638, 6), (60.029816304015597, 20), (2833.3460797805405, 12), (787.42580232694024, 11), (7.3758607846578768, 16), (5512.5060027336003, 0), (3.3560411987554, 21), (3406.9169720463387, 1), (4942.421384199768, 7), (3406.9169720463387, 4), (0.20609008648209098, 19), (11674.249207353225, 8), (7901.3993427281312, 10), (1.2858343359931588, 22), (2044.8852742139647, 15), (2445.5253094740133, 14), (2773.3213854072301, 13), (268.22148676142058, 18)]


----- SVM_LINEAR Op: 0 --

Attribute list: {0: [23, 3, 5, 17, 9, 24, 2, 6, 20, 12, 11, 16, 0, 21, 1, 7, 4, 19, 8, 10, 22, 15, 14, 13, 18]}
Attribute list: {0: [23, 5, 9, 2, 20, 11, 0, 1, 4, 8, 22, 14, 18], 1: [3, 17, 24, 6, 12, 16, 21, 7, 19, 10, 15, 13]}
Attribute list: {0: [23, 17, 2, 12, 0, 7, 8, 15, 18], 1: [3, 9, 6, 11, 21, 4, 10, 14], 2: [5, 24, 20, 16, 1, 19, 22, 13]}
Attribute list: {0: [23, 9, 20, 0, 4, 22, 18], 1: [3, 24, 12, 21, 19, 15], 2: [5, 2, 11, 1, 8, 14], 3: [17, 6, 16, 7, 10, 13]}
Attribute list: {0: [23, 24, 11, 7, 22], 1: [3, 2, 16, 4, 15], 2: [5, 6, 0, 19, 14], 3: [17, 20, 21, 8, 13], 4: [9, 12, 1, 10, 18]}
Attribute list: {0: [23, 2, 0, 8, 18], 1: [3, 6, 21, 10], 2: [5, 20, 1, 22], 3: [17, 12, 7, 15], 4: [9, 11, 4, 14], 5: [24, 16, 19, 13]}
Attribute list: {0: [23, 6, 1, 15], 1: [3, 20, 7, 14], 2: [5, 12, 4, 13], 3: [17, 11, 19, 18], 4: [9, 16, 8], 5: [24, 0, 10], 6: [2, 21, 22]}
Attribute list: {0: [23, 20, 4, 18], 1: [3, 12, 19], 2: [5, 11, 8], 3: [17, 16, 10], 4: [9, 0, 22], 5: [24, 21, 15], 6: [2, 1, 14], 7: [6, 7, 13]}
Attribute list: {0: [23, 12, 8], 1: [3, 11, 10], 2: [5, 16, 22], 3: [17, 0, 15], 4: [9, 21, 14], 5: [24, 1, 13], 6: [2, 7, 18], 7: [6, 4], 8: [20, 19]}

All Data: 

(K,Avg,StD,Max,Min,Swing)
1,1.00000,0.00000,1.00000,1.00000,0.00000
2,1.00000,0.00000,1.00000,1.00000,0.00000
3,0.99947,0.00071,1.00000,0.99840,0.00160
4,0.99894,0.00103,1.00000,0.99681,0.00319
5,0.99106,0.00255,1.00000,0.96809,0.03191
6,0.98528,0.00390,1.00000,0.94309,0.05691
7,0.94924,0.00774,1.00000,0.72234,0.27766
8,0.98783,0.00391,0.99947,0.94309,0.05638
9,0.92872,0.01002,1.00000,0.72553,0.27447

-Detailed Info
Individual Group Accuracies

1,[1.0]
2,[1.0, 1.0]
3,[1.0, 1.0, 0.998404255319149]
4,[0.9968085106382979, 0.99946808510638296, 1.0, 0.99946808510638296]
5,[0.98882978723404258, 0.96808510638297862, 0.998404255319149, 1.0, 1.0]
6,[0.99787234042553197, 0.98297872340425541, 0.94308510638297882, 0.998404255319149, 1.0, 0.9893617021276595]
7,[0.96968085106382984, 1.0, 0.99946808510638296, 0.97712765957446801, 0.99627659574468086, 0.9797872340425533, 0.72234042553191491]
8,[0.9430851063829786, 0.99893617021276593, 0.99946808510638296, 0.98031914893617034, 0.99574468085106393, 0.98989361702127654, 0.99627659574468086, 0.99893617021276593]
9,[1.0, 0.99574468085106393, 0.77606382978723398, 0.98085106382978715, 0.99946808510638296, 0.99627659574468086, 0.9521276595744681, 0.93244680851063833, 0.72553191489361701]

Individual Group Standard Deviations
1,[0.0]
2,[0.0, 0.0]
3,[0.0, 0.0, 0.0021276595744680938]
4,[0.001990243290837222, 0.0010638297872340274, 0.0, 0.0010638297872340274]
5,[0.0039087602278454932, 0.0067282503407837865, 0.0021276595744680938, 0.0, 0.0]
6,[0.0019902432908372103, 0.0036076223314496117, 0.013308506386379579, 0.0021276595744680938, 0.0, 0.0023787957207444732]
7,[0.0046371265356815825, 0.0, 0.0010638297872340274, 0.0076344149438336796, 0.0027122444221238311, 0.0043212970237425227, 0.033792298243124665]
8,[0.012199303128914608, 0.0013029200759484805, 0.0010638297872340274, 0.0036076223314496117, 0.0031914893617021344, 0.0059231535774787163, 0.0027122444221238311, 0.0013029200759484805]
9,[0.0, 0.0027122444221238311, 0.020212765957446789, 0.006600890237229198, 0.0010638297872340274, 0.0027122444221238311, 0.0044503192900748863, 0.014133330059134495, 0.03833479307814306]

Done in: 1.5496039410008962 seconds


Skipping op 1


Test iteration: 8


yx: [(54.703813656528048, 2), (2044.8852742139647, 15), (60.029816304015597, 20), (0.20609008648209098, 19), (1673.0280726606156, 3), (3406.9169720463387, 4), (268.22148676142058, 18), (10796.695599307441, 9), (787.42580232694024, 11), (2833.3460797805405, 12), (7.3758607846578768, 16), (611.45223355654514, 5), (11674.249207353225, 8), (14.403979166136176, 23), (5512.5060027336003, 0), (3.3560411987554, 21), (2445.5253094740133, 14), (3406.9169720463387, 1), (2773.3213854072301, 13), (1.2858343359931588, 22), (1.0560576647630417, 17), (4942.421384199768, 7), (37.7166281601638, 6), (0.53529227463135909, 24), (7901.3993427281312, 10)]


----- SVM_LINEAR Op: 0 --

Attribute list: {0: [2, 15, 20, 19, 3, 4, 18, 9, 11, 12, 16, 5, 8, 23, 0, 21, 14, 1, 13, 22, 17, 7, 6, 24, 10]}
Attribute list: {0: [2, 20, 3, 18, 11, 16, 8, 0, 14, 13, 17, 6, 10], 1: [15, 19, 4, 9, 12, 5, 23, 21, 1, 22, 7, 24]}
Attribute list: {0: [2, 19, 18, 12, 8, 21, 13, 7, 10], 1: [15, 3, 9, 16, 23, 14, 22, 6], 2: [20, 4, 11, 5, 0, 1, 17, 24]}
Attribute list: {0: [2, 3, 11, 8, 14, 17, 10], 1: [15, 4, 12, 23, 1, 7], 2: [20, 18, 16, 0, 13, 6], 3: [19, 9, 5, 21, 22, 24]}
Attribute list: {0: [2, 4, 16, 21, 17], 1: [15, 18, 5, 14, 7], 2: [20, 9, 8, 1, 6], 3: [19, 11, 23, 13, 24], 4: [3, 12, 0, 22, 10]}
Attribute list: {0: [2, 18, 8, 13, 10], 1: [15, 9, 23, 22], 2: [20, 11, 0, 17], 3: [19, 12, 21, 7], 4: [3, 16, 14, 6], 5: [4, 5, 1, 24]}
Attribute list: {0: [2, 9, 0, 7], 1: [15, 11, 21, 6], 2: [20, 12, 14, 24], 3: [19, 16, 1, 10], 4: [3, 5, 13], 5: [4, 8, 22], 6: [18, 23, 17]}
Attribute list: {0: [2, 11, 14, 10], 1: [15, 12, 1], 2: [20, 16, 13], 3: [19, 5, 22], 4: [3, 8, 17], 5: [4, 23, 7], 6: [18, 0, 6], 7: [9, 21, 24]}
Attribute list: {0: [2, 12, 13], 1: [15, 16, 22], 2: [20, 5, 17], 3: [19, 8, 7], 4: [3, 23, 6], 5: [4, 0, 24], 6: [18, 21, 10], 7: [9, 14], 8: [11, 1]}

All Data: 

(K,Avg,StD,Max,Min,Swing)
1,1.00000,0.00000,1.00000,1.00000,0.00000
2,1.00000,0.00000,1.00000,1.00000,0.00000
3,0.99699,0.00155,1.00000,0.99096,0.00904
4,0.99840,0.00133,1.00000,0.99574,0.00426
5,0.98489,0.00325,1.00000,0.93298,0.06702
6,0.98644,0.00417,0.99947,0.94149,0.05798
7,0.95479,0.00817,0.99840,0.72394,0.27447
8,0.95758,0.00517,1.00000,0.77287,0.22713
9,0.95213,0.00773,0.99947,0.78723,0.21223

-Detailed Info
Individual Group Accuracies

1,[1.0]
2,[1.0, 1.0]
3,[1.0, 1.0, 0.99095744680851061]
4,[1.0, 0.99946808510638296, 0.998404255319149, 0.99574468085106393]
5,[0.93297872340425536, 1.0, 0.99787234042553197, 0.99361702127659579, 1.0]
6,[0.99946808510638296, 0.99734042553191493, 0.99042553191489358, 0.99734042553191493, 0.99255319148936183, 0.94148936170212782]
7,[0.9968085106382979, 0.9893617021276595, 0.99468085106382986, 0.98244680851063837, 0.998404255319149, 0.99787234042553197, 0.72393617021276602]
8,[1.0, 1.0, 0.9893617021276595, 0.77287234042553199, 0.9968085106382979, 0.95106382978723403, 0.95585106382978735, 0.99468085106382986]
9,[0.99574468085106393, 0.9893617021276595, 0.7872340425531914, 0.99627659574468086, 0.90159574468085102, 0.94946808510638303, 0.98244680851063837, 0.99946808510638296, 0.96755319148936181]

Individual Group Standard Deviations
1,[0.0]
2,[0.0, 0.0]
3,[0.0, 0.0, 0.004637126535681566]
4,[0.0, 0.0010638297872340274, 0.0021276595744680938, 0.0021276595744681047]
5,[0.011580606945253851, 0.0, 0.0010638297872340274, 0.0036076223314496052, 0.0]
6,[0.0010638297872340274, 0.0016820625851959577, 0.0027122444221238137, 0.0029134178590700314, 0.0031015701568325969, 0.013561222110619107]
7,[0.0026058401518970018, 0.0065146003797425115, 0.0023787957207444732, 0.0043212970237425227, 0.0021276595744680938, 0.0010638297872340274, 0.038186895948505439]
8,[0.0, 0.0, 0.0023787957207444732, 0.020710555674395514, 0.0026058401518970018, 0.0064271521136141218, 0.0068532440035772076, 0.0023787957207444732]
9,[0.0027122444221238311, 0.0055787704689901412, 0.018654976507181047, 0.0027122444221238311, 0.019398492051926029, 0.0084103129259797387, 0.0036076223314495987, 0.0010638297872340274, 0.0074087171687149712]

Done in: 1.5881191690004925 seconds


Skipping op 1


Test iteration: 9


yx: [(2445.5253094740133, 14), (2773.3213854072301, 13), (37.7166281601638, 6), (268.22148676142058, 18), (54.703813656528048, 2), (1.2858343359931588, 22), (7.3758607846578768, 16), (3.3560411987554, 21), (787.42580232694024, 11), (2833.3460797805405, 12), (1.0560576647630417, 17), (7901.3993427281312, 10), (10796.695599307441, 9), (0.53529227463135909, 24), (5512.5060027336003, 0), (611.45223355654514, 5), (11674.249207353225, 8), (3406.9169720463387, 4), (4942.421384199768, 7), (1673.0280726606156, 3), (2044.8852742139647, 15), (0.20609008648209098, 19), (60.029816304015597, 20), (3406.9169720463387, 1), (14.403979166136176, 23)]


----- SVM_LINEAR Op: 0 --

Attribute list: {0: [14, 13, 6, 18, 2, 22, 16, 21, 11, 12, 17, 10, 9, 24, 0, 5, 8, 4, 7, 3, 15, 19, 20, 1, 23]}
Attribute list: {0: [14, 6, 2, 16, 11, 17, 9, 0, 8, 7, 15, 20, 23], 1: [13, 18, 22, 21, 12, 10, 24, 5, 4, 3, 19, 1]}
Attribute list: {0: [14, 18, 16, 12, 9, 5, 7, 19, 23], 1: [13, 2, 21, 17, 24, 8, 3, 20], 2: [6, 22, 11, 10, 0, 4, 15, 1]}
Attribute list: {0: [14, 2, 11, 9, 8, 15, 23], 1: [13, 22, 12, 24, 4, 19], 2: [6, 16, 17, 0, 7, 20], 3: [18, 21, 10, 5, 3, 1]}
Attribute list: {0: [14, 22, 17, 5, 15], 1: [13, 16, 10, 8, 19], 2: [6, 21, 9, 4, 20], 3: [18, 11, 24, 7, 1], 4: [2, 12, 0, 3, 23]}
Attribute list: {0: [14, 16, 9, 7, 23], 1: [13, 21, 24, 3], 2: [6, 11, 0, 15], 3: [18, 12, 5, 19], 4: [2, 17, 8, 20], 5: [22, 10, 4, 1]}
Attribute list: {0: [14, 21, 0, 19], 1: [13, 11, 5, 20], 2: [6, 12, 8, 1], 3: [18, 17, 4, 23], 4: [2, 10, 7], 5: [22, 9, 3], 6: [16, 24, 15]}
Attribute list: {0: [14, 11, 8, 23], 1: [13, 12, 4], 2: [6, 17, 7], 3: [18, 10, 3], 4: [2, 9, 15], 5: [22, 24, 19], 6: [16, 0, 20], 7: [21, 5, 1]}
Attribute list: {0: [14, 12, 7], 1: [13, 17, 3], 2: [6, 10, 15], 3: [18, 9, 19], 4: [2, 24, 20], 5: [22, 0, 1], 6: [16, 5, 23], 7: [21, 8], 8: [11, 4]}

All Data: 

(K,Avg,StD,Max,Min,Swing)
1,1.00000,0.00000,1.00000,1.00000,0.00000
2,0.99973,0.00053,1.00000,0.99947,0.00053
3,0.99894,0.00066,1.00000,0.99681,0.00319
4,0.98723,0.00225,1.00000,0.96170,0.03830
5,0.99553,0.00329,0.99947,0.98936,0.01011
6,0.99424,0.00262,1.00000,0.98245,0.01755
7,0.98541,0.00449,1.00000,0.94096,0.05904
8,0.94395,0.00955,1.00000,0.72553,0.27447
9,0.93209,0.00864,1.00000,0.71862,0.28138

-Detailed Info
Individual Group Accuracies

1,[1.0]
2,[1.0, 0.99946808510638296]
3,[1.0, 1.0, 0.9968085106382979]
4,[1.0, 0.99946808510638296, 0.9617021276595743, 0.98776595744680851]
5,[0.99361702127659579, 0.99946808510638296, 0.99574468085106393, 0.9893617021276595, 0.99946808510638296]
6,[1.0, 0.99361702127659579, 0.99627659574468086, 0.99627659574468086, 0.9968085106382979, 0.98244680851063837]
7,[0.99574468085106393, 0.99787234042553197, 1.0, 0.94095744680851057, 0.9781914893617023, 0.99574468085106393, 0.9893617021276595]
8,[1.0, 0.99946808510638296, 0.9521276595744681, 0.98244680851063837, 0.9968085106382979, 0.72553191489361701, 0.95319148936170228, 0.94202127659574464]
9,[1.0, 0.99361702127659579, 0.99202127659574457, 0.99574468085106393, 0.71861702127659588, 0.94946808510638303, 0.77500000000000002, 0.9968085106382979, 0.96755319148936181]

Individual Group Standard Deviations
1,[0.0]
2,[0.0, 0.0010638297872340274]
3,[0.0, 0.0, 0.001990243290837222]
4,[0.0, 0.0010638297872340274, 0.0066436148919131934, 0.001302920075948535]
5,[0.0046371265356815877, 0.0010638297872340274, 0.0031914893617021344, 0.0065146003797425115, 0.0010638297872340274]
6,[0.0, 0.003980486581674385, 0.0027122444221238311, 0.002127659574468099, 0.0026058401518970018, 0.0043212970237425227]
7,[0.0021276595744681047, 0.0026058401518970153, 0.0, 0.012743775053947817, 0.0051571062312939786, 0.0031914893617021344, 0.0055787704689901412]
8,[0.0, 0.0010638297872340274, 0.0069353217076623614, 0.0043212970237425227, 0.0026058401518970018, 0.03833479307814306, 0.0081714316466687427, 0.014988300854899345]
9,[0.0, 0.003980486581674385, 0.0023787957207444233, 0.0031914893617021344, 0.030295810352974781, 0.0084103129259797387, 0.019514825880685243, 0.0026058401518970018, 0.0074087171687149712]

Done in: 1.6033417060007196 seconds


Skipping op 1


Test iteration: 10


yx: [(0.53529227463135909, 24), (787.42580232694024, 11), (1673.0280726606156, 3), (7.3758607846578768, 16), (10796.695599307441, 9), (5512.5060027336003, 0), (1.0560576647630417, 17), (2044.8852742139647, 15), (60.029816304015597, 20), (2833.3460797805405, 12), (611.45223355654514, 5), (37.7166281601638, 6), (4942.421384199768, 7), (3.3560411987554, 21), (3406.9169720463387, 4), (1.2858343359931588, 22), (268.22148676142058, 18), (14.403979166136176, 23), (0.20609008648209098, 19), (3406.9169720463387, 1), (54.703813656528048, 2), (2445.5253094740133, 14), (7901.3993427281312, 10), (2773.3213854072301, 13), (11674.249207353225, 8)]


----- SVM_LINEAR Op: 0 --

Attribute list: {0: [24, 11, 3, 16, 9, 0, 17, 15, 20, 12, 5, 6, 7, 21, 4, 22, 18, 23, 19, 1, 2, 14, 10, 13, 8]}
Attribute list: {0: [24, 3, 9, 17, 20, 5, 7, 4, 18, 19, 2, 10, 8], 1: [11, 16, 0, 15, 12, 6, 21, 22, 23, 1, 14, 13]}
Attribute list: {0: [24, 16, 17, 12, 7, 22, 19, 14, 8], 1: [11, 9, 15, 5, 21, 18, 1, 10], 2: [3, 0, 20, 6, 4, 23, 2, 13]}
Attribute list: {0: [24, 9, 20, 7, 18, 2, 8], 1: [11, 0, 12, 21, 23, 14], 2: [3, 17, 5, 4, 19, 10], 3: [16, 15, 6, 22, 1, 13]}
Attribute list: {0: [24, 0, 5, 22, 2], 1: [11, 17, 6, 18, 14], 2: [3, 15, 7, 23, 10], 3: [16, 20, 21, 19, 13], 4: [9, 12, 4, 1, 8]}
Attribute list: {0: [24, 17, 7, 19, 8], 1: [11, 15, 21, 1], 2: [3, 20, 4, 2], 3: [16, 12, 22, 14], 4: [9, 5, 18, 10], 5: [0, 6, 23, 13]}
Attribute list: {0: [24, 15, 4, 14], 1: [11, 20, 22, 10], 2: [3, 12, 18, 13], 3: [16, 5, 23, 8], 4: [9, 6, 19], 5: [0, 7, 1], 6: [17, 21, 2]}
Attribute list: {0: [24, 20, 18, 8], 1: [11, 12, 23], 2: [3, 5, 19], 3: [16, 6, 1], 4: [9, 7, 2], 5: [0, 21, 14], 6: [17, 4, 10], 7: [15, 22, 13]}
Attribute list: {0: [24, 12, 19], 1: [11, 5, 1], 2: [3, 6, 2], 3: [16, 7, 14], 4: [9, 21, 10], 5: [0, 4, 13], 6: [17, 22, 8], 7: [15, 18], 8: [20, 23]}

All Data: 

(K,Avg,StD,Max,Min,Swing)
1,1.00000,0.00000,1.00000,1.00000,0.00000
2,0.99920,0.00118,0.99947,0.99894,0.00053
3,0.99911,0.00114,1.00000,0.99840,0.00160
4,0.99508,0.00198,0.99947,0.98564,0.01383
5,0.99011,0.00296,1.00000,0.97819,0.02181
6,0.98617,0.00422,0.99840,0.93457,0.06383
7,0.95160,0.00775,0.99787,0.72181,0.27606
8,0.97527,0.00618,0.99734,0.90691,0.09043
9,0.95248,0.00931,1.00000,0.72553,0.27447

-Detailed Info
Individual Group Accuracies

1,[1.0]
2,[0.99893617021276593, 0.99946808510638296]
3,[1.0, 0.99893617021276593, 0.998404255319149]
4,[0.9968085106382979, 0.99946808510638296, 0.98563829787234047, 0.998404255319149]
5,[0.9781914893617023, 0.98989361702127676, 0.99308510638297887, 0.9893617021276595, 1.0]
6,[0.99627659574468086, 0.99787234042553197, 0.93457446808510647, 0.99414893617021283, 0.99574468085106393, 0.998404255319149]
7,[0.99627659574468086, 0.99574468085106393, 0.99787234042553197, 0.99787234042553197, 0.99468085106382986, 0.95691489361702131, 0.72180851063829787]
8,[0.9968085106382979, 0.99734042553191493, 0.90691489361702138, 0.93297872340425536, 0.99414893617021283, 0.99574468085106393, 0.98244680851063837, 0.99574468085106393]
9,[0.99468085106382964, 0.97446808510638294, 0.90425531914893609, 1.0, 0.99414893617021283, 0.99574468085106393, 0.9968085106382979, 0.98670212765957444, 0.72553191489361701]

Individual Group Standard Deviations
1,[0.0]
2,[0.0013029200759484805, 0.0010638297872340274]
3,[0.0, 0.0013029200759484805, 0.0021276595744680938]
4,[0.0026058401518970018, 0.0010638297872340274, 0.0021276595744680552, 0.0021276595744680938]
5,[0.0051571062312939448, 0.0045757049292780077, 0.0027122444221238176, 0.0023787957207444732, 0.0]
6,[0.0027122444221238311, 0.0019902432908372103, 0.012654656652521612, 0.0031015701568326082, 0.0027122444221238311, 0.0021276595744680938]
7,[0.0027122444221238311, 0.0027122444221238311, 0.0019902432908372103, 0.0019902432908372103, 0.0023787957207444732, 0.0072152446628992312, 0.035227065297443481]
8,[0.0026058401518970018, 0.0023787957207444732, 0.018194288698390487, 0.014012701991829251, 0.0026058401518969879, 0.0021276595744681047, 0.0043212970237425227, 0.0031914893617021344]
9,[0.0016820625851959577, 0.0096039734496105138, 0.018502688437155395, 0.0, 0.0031015701568326082, 0.0031914893617021271, 0.0026058401518970018, 0.0067282503407837951, 0.03833479307814306]

Done in: 1.574961287999031 seconds


Skipping op 1


------ END OF datasets/humanbot.csv ------ 


Total SVMs: 2475


 *** *** *** *** NEW FILE OPEN *** *** *** *** 


--------------- Starting analysis for file: datasets/humanbot.csv

Num features in file: 25

Test iteration: 0


yx: [(11674.249207353367, 8), (10796.695599307694, 9), (7901.399342728153, 10), (5512.5060027335576, 0), (4942.4213841998017, 7), (3406.9169720463642, 1), (3406.9169720463642, 4), (2833.3460797804746, 12), (2773.3213854071273, 13), (2445.5253094740078, 14), (2044.8852742139543, 15), (1673.028072660614, 3), (787.42580232694104, 11), (611.45223355655355, 5), (268.22148676142314, 18), (60.029816304015434, 20), (54.703813656530706, 2), (37.716628160163751, 6), (14.403979166136104, 23), (7.3758607846575908, 16), (3.3560411987554128, 21), (1.2858343359931588, 22), (1.0560576647630417, 17), (0.53529227463135876, 24), (0.20609008648209454, 19)]


----- SVM_LINEAR Op: 0 --

Attribute list: {0: [8, 9, 10, 0, 7, 1, 4, 12, 13, 14, 15, 3, 11, 5, 18, 20, 2, 6, 23, 16, 21, 22, 17, 24, 19]}
Attribute list: {0: [8, 10, 7, 4, 13, 15, 11, 18, 2, 23, 21, 17, 19], 1: [9, 0, 1, 12, 14, 3, 5, 20, 6, 16, 22, 24]}
Attribute list: {0: [8, 0, 4, 14, 11, 20, 23, 22, 19], 1: [9, 7, 12, 15, 5, 2, 16, 17], 2: [10, 1, 13, 3, 18, 6, 21, 24]}
Attribute list: {0: [8, 7, 13, 11, 2, 21, 19], 1: [9, 1, 14, 5, 6, 22], 2: [10, 4, 15, 18, 23, 17], 3: [0, 12, 3, 20, 16, 24]}
Attribute list: {0: [8, 1, 15, 20, 21], 1: [9, 4, 3, 2, 22], 2: [10, 12, 11, 6, 17], 3: [0, 13, 5, 23, 24], 4: [7, 14, 18, 16, 19]}
Attribute list: {0: [8, 4, 11, 23, 19], 1: [9, 12, 5, 16], 2: [10, 13, 18, 21], 3: [0, 14, 20, 22], 4: [7, 15, 2, 17], 5: [1, 3, 6, 24]}
Attribute list: {0: [8, 12, 18, 22], 1: [9, 13, 20, 17], 2: [10, 14, 2, 24], 3: [0, 15, 6, 19], 4: [7, 3, 23], 5: [1, 11, 16], 6: [4, 5, 21]}
Attribute list: {0: [8, 13, 2, 19], 1: [9, 14, 6], 2: [10, 15, 23], 3: [0, 3, 16], 4: [7, 11, 21], 5: [1, 5, 22], 6: [4, 18, 17], 7: [12, 20, 24]}
Attribute list: {0: [8, 14, 23], 1: [9, 15, 16], 2: [10, 3, 21], 3: [0, 11, 22], 4: [7, 5, 17], 5: [1, 18, 24], 6: [4, 20, 19], 7: [12, 2], 8: [13, 6]}
Attribute list: {0: [8, 15, 21], 1: [9, 3, 22], 2: [10, 11, 17], 3: [0, 5, 24], 4: [7, 18, 19], 5: [1, 20], 6: [4, 2], 7: [12, 6], 8: [13, 23], 9: [14, 16]}

All Data: 

(K,Avg,StD,Max,Min,Swing)
1,1.00000,0.00000,1.00000,1.00000,0.00000
2,1.00000,0.00000,1.00000,1.00000,0.00000
3,0.99947,0.00043,1.00000,0.99840,0.00160
4,0.99774,0.00147,1.00000,0.99202,0.00798
5,0.99894,0.00131,1.00000,0.99681,0.00319
6,0.98502,0.00181,1.00000,0.93298,0.06702
7,0.97568,0.00359,1.00000,0.94202,0.05798
8,0.97606,0.00355,1.00000,0.94149,0.05851
9,0.97713,0.00332,1.00000,0.93511,0.06489
10,0.97447,0.00439,0.99894,0.93298,0.06596

-Detailed Info
Individual Group Accuracies

1,[1.0]
2,[1.0, 1.0]
3,[1.0, 1.0, 0.998404255319149]
4,[1.0, 0.99946808510638296, 0.99202127659574479, 0.99946808510638296]
5,[0.99893617021276593, 0.9968085106382979, 1.0, 0.99893617021276593, 1.0]
6,[0.99946808510638296, 1.0, 0.99734042553191493, 0.99574468085106393, 0.9845744680851064, 0.93297872340425536]
7,[1.0, 0.99946808510638296, 0.99361702127659568, 0.98244680851063837, 0.94574468085106389, 0.96648936170212763, 0.94202127659574475]
8,[1.0, 0.99946808510638296, 0.99148936170212765, 0.94946808510638303, 0.98989361702127654, 0.94202127659574475, 0.94148936170212782, 0.99468085106382986]
9,[1.0, 0.99734042553191493, 0.98085106382978715, 0.9893617021276595, 0.96223404255319145, 0.94148936170212782, 0.93510638297872339, 0.99574468085106393, 0.99202127659574457]
10,[0.99893617021276593, 0.99574468085106393, 0.99574468085106393, 0.97021276595744688, 0.95319148936170206, 0.93510638297872339, 0.93297872340425536, 0.99468085106382986, 0.9893617021276595, 0.97872340425531923]

Individual Group Standard Deviations
1,[0.0]
2,[0.0, 0.0]
3,[0.0, 0.0, 0.0013029200759484805]
4,[0.0, 0.0010638297872340274, 0.0037612062829071769, 0.0010638297872340274]
5,[0.0013029200759484805, 0.0031015701568326121, 0.0, 0.002127659574468099, 0.0]
6,[0.0010638297872340274, 0.0, 0.0, 0.0021276595744681047, 0.0031015701568325969, 0.0045757049292780077]
7,[0.0, 0.0010638297872340274, 0.0021276595744680548, 0.0013029200759484805, 0.0070566484901178755, 0.0062031403136652051, 0.0074087171687149816]
8,[0.0, 0.0010638297872340274, 0.0042553191489361902, 0.0037612062829071613, 0.0045757049292780077, 0.0074087171687149816, 0.0044503192900748863, 0.0029134178590700314]
9,[0.0, 0.0023787957207444732, 0.0045757049292780129, 0.0029134178590700314, 0.0061573600546756431, 0.0044503192900748863, 0.0043212970237425556, 0.0027122444221238311, 0.0023787957207444233]
10,[0.0013029200759484805, 0.0036076223314496056, 0.0049327757954764542, 0.0066008902372291694, 0.0068532440035772172, 0.0043212970237425556, 0.0051571062312939812, 0.0029134178590700314, 0.0044503192900748464, 0.0037612062829071613]

Done in: 1.8074006139995618 seconds


Skipping op 1


Test iteration: 1


yx: [(11674.249207353367, 8), (0.53529227463135876, 24), (14.403979166136104, 23), (10796.695599307694, 9), (2833.3460797804746, 12), (2044.8852742139543, 15), (5512.5060027335576, 0), (60.029816304015434, 20), (611.45223355655355, 5), (37.716628160163751, 6), (2773.3213854071273, 13), (2445.5253094740078, 14), (268.22148676142314, 18), (1.0560576647630417, 17), (787.42580232694104, 11), (0.20609008648209454, 19), (3.3560411987554128, 21), (7.3758607846575908, 16), (1673.028072660614, 3), (1.2858343359931588, 22), (7901.399342728153, 10), (3406.9169720463642, 4), (54.703813656530706, 2), (3406.9169720463642, 1), (4942.4213841998017, 7)]


----- SVM_LINEAR Op: 0 --

Attribute list: {0: [8, 24, 23, 9, 12, 15, 0, 20, 5, 6, 13, 14, 18, 17, 11, 19, 21, 16, 3, 22, 10, 4, 2, 1, 7]}
Attribute list: {0: [8, 23, 12, 0, 5, 13, 18, 11, 21, 3, 10, 2, 7], 1: [24, 9, 15, 20, 6, 14, 17, 19, 16, 22, 4, 1]}
Attribute list: {0: [8, 9, 0, 6, 18, 19, 3, 4, 7], 1: [24, 12, 20, 13, 17, 21, 22, 2], 2: [23, 15, 5, 14, 11, 16, 10, 1]}
Attribute list: {0: [8, 12, 5, 18, 21, 10, 7], 1: [24, 15, 6, 17, 16, 4], 2: [23, 0, 13, 11, 3, 2], 3: [9, 20, 14, 19, 22, 1]}
Attribute list: {0: [8, 15, 13, 19, 10], 1: [24, 0, 14, 21, 4], 2: [23, 20, 18, 16, 2], 3: [9, 5, 17, 3, 1], 4: [12, 6, 11, 22, 7]}
Attribute list: {0: [8, 0, 18, 3, 7], 1: [24, 20, 17, 22], 2: [23, 5, 11, 10], 3: [9, 6, 19, 4], 4: [12, 13, 21, 2], 5: [15, 14, 16, 1]}
Attribute list: {0: [8, 20, 11, 4], 1: [24, 5, 19, 2], 2: [23, 6, 21, 1], 3: [9, 13, 16, 7], 4: [12, 14, 3], 5: [15, 18, 22], 6: [0, 17, 10]}
Attribute list: {0: [8, 5, 21, 7], 1: [24, 6, 16], 2: [23, 13, 3], 3: [9, 14, 22], 4: [12, 18, 10], 5: [15, 17, 4], 6: [0, 11, 2], 7: [20, 19, 1]}
Attribute list: {0: [8, 6, 3], 1: [24, 13, 22], 2: [23, 14, 10], 3: [9, 18, 4], 4: [12, 17, 2], 5: [15, 11, 1], 6: [0, 19, 7], 7: [20, 21], 8: [5, 16]}
Attribute list: {0: [8, 13, 10], 1: [24, 14, 4], 2: [23, 18, 2], 3: [9, 17, 1], 4: [12, 11, 7], 5: [15, 19], 6: [0, 21], 7: [20, 16], 8: [5, 3], 9: [6, 22]}

All Data: 

(K,Avg,StD,Max,Min,Swing)
1,1.00000,0.00000,1.00000,1.00000,0.00000
2,1.00000,0.00000,1.00000,1.00000,0.00000
3,0.99840,0.00114,1.00000,0.99628,0.00372
4,0.99215,0.00225,1.00000,0.96968,0.03032
5,0.96064,0.00898,1.00000,0.81223,0.18777
6,0.95168,0.00751,0.99894,0.72660,0.27234
7,0.97637,0.00448,1.00000,0.93457,0.06543
8,0.95133,0.00687,1.00000,0.72660,0.27340
9,0.93700,0.00927,0.99787,0.72819,0.26968
10,0.90590,0.01287,0.99947,0.72660,0.27287

-Detailed Info
Individual Group Accuracies

1,[1.0]
2,[1.0, 1.0]
3,[0.99893617021276593, 0.99627659574468086, 1.0]
4,[1.0, 0.96968085106382984, 0.99946808510638296, 0.99946808510638296]
5,[1.0, 0.99574468085106393, 0.81223404255319154, 0.9968085106382979, 0.998404255319149]
6,[0.99893617021276593, 0.72659574468085109, 0.99627659574468086, 0.99574468085106393, 0.99627659574468086, 0.99627659574468086]
7,[0.99946808510638296, 0.93882978723404253, 0.93457446808510647, 1.0, 0.99787234042553197, 0.98563829787234047, 0.97819148936170208]
8,[0.99787234042553197, 0.72659574468085109, 0.99414893617021283, 1.0, 1.0, 0.96808510638297884, 0.98882978723404258, 0.93510638297872339]
9,[0.9968085106382979, 0.9893617021276595, 0.9952127659574469, 0.9968085106382979, 0.99574468085106393, 0.99787234042553197, 0.95691489361702131, 0.72819148936170208, 0.77606382978723398]
10,[0.99946808510638296, 0.9952127659574469, 0.77287234042553188, 0.99574468085106393, 0.998404255319149, 0.98882978723404269, 0.94946808510638303, 0.72659574468085109, 0.9058510638297872, 0.72659574468085109]

Individual Group Standard Deviations
1,[0.0]
2,[0.0, 0.0]
3,[0.0013029200759484805, 0.0021276595744681047, 0.0]
4,[0.0, 0.0068532440035771781, 0.0010638297872340274, 0.0010638297872340274]
5,[0.0, 0.0021276595744681047, 0.038379051079888191, 0.0031015701568326121, 0.0013029200759484805]
6,[0.0013029200759484805, 0.032720332977084453, 0.0039804865816743962, 0.0036076223314496056, 0.0021276595744681047, 0.001302920075948535]
7,[0.0010638297872340274, 0.012474509999530406, 0.0059707298725116343, 0.0, 0.0019902432908372103, 0.0059707298725116108, 0.0039087602278454932]
8,[0.0019902432908372103, 0.032720332977084453, 0.0035283242450589226, 0.0, 0.0, 0.0069353217076623614, 0.0054244888442476491, 0.0043212970237425556]
9,[0.001990243290837222, 0.0044503192900748464, 0.001990243290837222, 0.0031015701568326121, 0.0027122444221238311, 0.0031015701568326043, 0.0054244888442476491, 0.032372604371708379, 0.028316663094055661]
10,[0.0010638297872340274, 0.001990243290837222, 0.038008659755212414, 0.0036076223314496056, 0.0013029200759484805, 0.0059231535774787484, 0.0037612062829071613, 0.032720332977084453, 0.0076344149438336796, 0.032720332977084453]

Done in: 1.8719457179995516 seconds


Skipping op 1


Test iteration: 2


yx: [(60.029816304015434, 20), (0.20609008648209454, 19), (37.716628160163751, 6), (4942.4213841998017, 7), (3406.9169720463642, 4), (14.403979166136104, 23), (611.45223355655355, 5), (268.22148676142314, 18), (11674.249207353367, 8), (5512.5060027335576, 0), (2773.3213854071273, 13), (2833.3460797804746, 12), (2044.8852742139543, 15), (54.703813656530706, 2), (1.0560576647630417, 17), (1673.028072660614, 3), (787.42580232694104, 11), (7.3758607846575908, 16), (7901.399342728153, 10), (3406.9169720463642, 1), (10796.695599307694, 9), (0.53529227463135876, 24), (1.2858343359931588, 22), (3.3560411987554128, 21), (2445.5253094740078, 14)]


----- SVM_LINEAR Op: 0 --

Attribute list: {0: [20, 19, 6, 7, 4, 23, 5, 18, 8, 0, 13, 12, 15, 2, 17, 3, 11, 16, 10, 1, 9, 24, 22, 21, 14]}
Attribute list: {0: [20, 6, 4, 5, 8, 13, 15, 17, 11, 10, 9, 22, 14], 1: [19, 7, 23, 18, 0, 12, 2, 3, 16, 1, 24, 21]}
Attribute list: {0: [20, 7, 5, 0, 15, 3, 10, 24, 14], 1: [19, 4, 18, 13, 2, 11, 1, 22], 2: [6, 23, 8, 12, 17, 16, 9, 21]}
Attribute list: {0: [20, 4, 8, 15, 11, 9, 14], 1: [19, 23, 0, 2, 16, 24], 2: [6, 5, 13, 17, 10, 22], 3: [7, 18, 12, 3, 1, 21]}
Attribute list: {0: [20, 23, 13, 3, 9], 1: [19, 5, 12, 11, 24], 2: [6, 18, 15, 16, 22], 3: [7, 8, 2, 10, 21], 4: [4, 0, 17, 1, 14]}
Attribute list: {0: [20, 5, 15, 10, 14], 1: [19, 18, 2, 1], 2: [6, 8, 17, 9], 3: [7, 0, 3, 24], 4: [4, 13, 11, 22], 5: [23, 12, 16, 21]}
Attribute list: {0: [20, 18, 17, 24], 1: [19, 8, 3, 22], 2: [6, 0, 11, 21], 3: [7, 13, 16, 14], 4: [4, 12, 10], 5: [23, 15, 1], 6: [5, 2, 9]}
Attribute list: {0: [20, 8, 11, 14], 1: [19, 0, 16], 2: [6, 13, 10], 3: [7, 12, 1], 4: [4, 15, 9], 5: [23, 2, 24], 6: [5, 17, 22], 7: [18, 3, 21]}
Attribute list: {0: [20, 0, 10], 1: [19, 13, 1], 2: [6, 12, 9], 3: [7, 15, 24], 4: [4, 2, 22], 5: [23, 17, 21], 6: [5, 3, 14], 7: [18, 11], 8: [8, 16]}
Attribute list: {0: [20, 13, 9], 1: [19, 12, 24], 2: [6, 15, 22], 3: [7, 2, 21], 4: [4, 17, 14], 5: [23, 3], 6: [5, 11], 7: [18, 16], 8: [8, 10], 9: [0, 1]}

All Data: 

(K,Avg,StD,Max,Min,Swing)
1,1.00000,0.00000,1.00000,1.00000,0.00000
2,1.00000,0.00000,1.00000,1.00000,0.00000
3,0.99965,0.00043,1.00000,0.99894,0.00106
4,0.98870,0.00149,1.00000,0.95638,0.04362
5,0.99447,0.00261,0.99947,0.98511,0.01436
6,0.98103,0.00295,0.99947,0.94043,0.05904
7,0.95410,0.00701,1.00000,0.72660,0.27340
8,0.91828,0.00963,1.00000,0.72287,0.27713
9,0.95467,0.00662,1.00000,0.72819,0.27181
10,0.94580,0.00845,0.99947,0.72660,0.27287

-Detailed Info
Individual Group Accuracies

1,[1.0]
2,[1.0, 1.0]
3,[0.99893617021276593, 1.0, 1.0]
4,[1.0, 0.95638297872340439, 0.99893617021276593, 0.99946808510638296]
5,[0.99946808510638296, 0.998404255319149, 0.98510638297872344, 0.99361702127659568, 0.99574468085106393]
6,[0.99787234042553197, 0.94042553191489353, 0.99627659574468086, 0.95744680851063835, 0.99946808510638296, 0.99468085106382986]
7,[0.72659574468085109, 0.9968085106382979, 0.98989361702127654, 1.0, 0.99946808510638296, 0.96861702127659588, 0.99734042553191493]
8,[1.0, 0.94946808510638303, 0.99787234042553197, 0.99893617021276593, 0.99787234042553197, 0.72287234042553195, 0.77180851063829792, 0.90744680851063819]
9,[0.97925531914893615, 0.99627659574468086, 1.0, 0.98510638297872344, 0.93297872340425536, 0.72819148936170208, 0.9952127659574469, 0.97819148936170208, 0.9968085106382979]
10,[0.99946808510638296, 0.99468085106382986, 0.98829787234042565, 0.94627659574468093, 0.9952127659574469, 0.90425531914893609, 0.95957446808510638, 0.72659574468085109, 0.99574468085106393, 0.94787234042553192]

Individual Group Standard Deviations
1,[0.0]
2,[0.0, 0.0]
3,[0.0013029200759484805, 0.0, 0.0]
4,[0.0, 0.0036076223314496017, 0.0013029200759484805, 0.0010638297872340274]
5,[0.0010638297872340274, 0.0013029200759484805, 0.0064271521136141504, 0.0021276595744680938, 0.0021276595744681047]
6,[0.0010638297872340274, 0.0046371265356815834, 0.0027122444221238311, 0.0053191489361702144, 0.0010638297872340274, 0.0029134178590700314]
7,[0.032720332977084453, 0.001990243290837222, 0.0039087602278455201, 0.0, 0.0010638297872340274, 0.0070164393395068395, 0.0023787957207444732]
8,[0.0, 0.0037612062829071613, 0.0010638297872340274, 0.0013029200759484805, 0.0019902432908372103, 0.031396499071007888, 0.028366577927602936, 0.0091204405316395176]
9,[0.0031015701568326121, 0.0027122444221238311, 0.0, 0.0043212970237425392, 0.0051571062312939812, 0.031799436548159844, 0.0031015701568326082, 0.0074087171687149565, 0.001990243290837222]
10,[0.0010638297872340274, 0.0029134178590700314, 0.0064271521136141279, 0.010286744471177525, 0.001990243290837222, 0.011774438096371635, 0.010558209170893174, 0.032720332977084453, 0.0036076223314496056, 0.0031914893617021344]

Done in: 1.7720519399990735 seconds


Skipping op 1


Test iteration: 3


yx: [(4942.4213841998017, 7), (3.3560411987554128, 21), (611.45223355655355, 5), (60.029816304015434, 20), (2044.8852742139543, 15), (7.3758607846575908, 16), (0.53529227463135876, 24), (268.22148676142314, 18), (1.0560576647630417, 17), (3406.9169720463642, 1), (11674.249207353367, 8), (37.716628160163751, 6), (54.703813656530706, 2), (7901.399342728153, 10), (2445.5253094740078, 14), (1.2858343359931588, 22), (10796.695599307694, 9), (0.20609008648209454, 19), (2833.3460797804746, 12), (5512.5060027335576, 0), (787.42580232694104, 11), (2773.3213854071273, 13), (1673.028072660614, 3), (14.403979166136104, 23), (3406.9169720463642, 4)]


----- SVM_LINEAR Op: 0 --

Attribute list: {0: [7, 21, 5, 20, 15, 16, 24, 18, 17, 1, 8, 6, 2, 10, 14, 22, 9, 19, 12, 0, 11, 13, 3, 23, 4]}
Attribute list: {0: [7, 5, 15, 24, 17, 8, 2, 14, 9, 12, 11, 3, 4], 1: [21, 20, 16, 18, 1, 6, 10, 22, 19, 0, 13, 23]}
Attribute list: {0: [7, 20, 24, 1, 2, 22, 12, 13, 4], 1: [21, 15, 18, 8, 10, 9, 0, 3], 2: [5, 16, 17, 6, 14, 19, 11, 23]}
Attribute list: {0: [7, 15, 17, 2, 9, 11, 4], 1: [21, 16, 1, 10, 19, 13], 2: [5, 24, 8, 14, 12, 3], 3: [20, 18, 6, 22, 0, 23]}
Attribute list: {0: [7, 16, 8, 22, 11], 1: [21, 24, 6, 9, 13], 2: [5, 18, 2, 19, 3], 3: [20, 17, 10, 12, 23], 4: [15, 1, 14, 0, 4]}
Attribute list: {0: [7, 24, 2, 12, 4], 1: [21, 18, 10, 0], 2: [5, 17, 14, 11], 3: [20, 1, 22, 13], 4: [15, 8, 9, 3], 5: [16, 6, 19, 23]}
Attribute list: {0: [7, 18, 14, 13], 1: [21, 17, 22, 3], 2: [5, 1, 9, 23], 3: [20, 8, 19, 4], 4: [15, 6, 12], 5: [16, 2, 0], 6: [24, 10, 11]}
Attribute list: {0: [7, 17, 9, 4], 1: [21, 1, 19], 2: [5, 8, 12], 3: [20, 6, 0], 4: [15, 2, 11], 5: [16, 10, 13], 6: [24, 14, 3], 7: [18, 22, 23]}
Attribute list: {0: [7, 1, 12], 1: [21, 8, 0], 2: [5, 6, 11], 3: [20, 2, 13], 4: [15, 10, 3], 5: [16, 14, 23], 6: [24, 22, 4], 7: [18, 9], 8: [17, 19]}
Attribute list: {0: [7, 8, 11], 1: [21, 6, 13], 2: [5, 2, 3], 3: [20, 10, 23], 4: [15, 14, 4], 5: [16, 22], 6: [24, 9], 7: [18, 19], 8: [17, 12], 9: [1, 0]}

All Data: 

(K,Avg,StD,Max,Min,Swing)
1,1.00000,0.00000,1.00000,1.00000,0.00000
2,0.99947,0.00065,1.00000,0.99894,0.00106
3,0.99787,0.00158,0.99894,0.99574,0.00319
4,0.98883,0.00187,1.00000,0.95851,0.04149
5,0.98936,0.00206,1.00000,0.95213,0.04787
6,0.94938,0.00707,0.99894,0.72660,0.27234
7,0.97796,0.00361,1.00000,0.90319,0.09681
8,0.94834,0.00641,1.00000,0.72553,0.27447
9,0.95230,0.00760,0.99894,0.72660,0.27234
10,0.92952,0.00883,0.99947,0.72660,0.27287

-Detailed Info
Individual Group Accuracies

1,[1.0]
2,[1.0, 0.99893617021276593]
3,[0.99893617021276593, 0.99893617021276593, 0.99574468085106393]
4,[1.0, 0.9968085106382979, 1.0, 0.95851063829787242]
5,[0.99946808510638296, 0.99946808510638296, 0.9521276595744681, 1.0, 0.99574468085106393]
6,[0.99893617021276593, 0.98031914893617011, 0.9952127659574469, 0.99627659574468086, 0.99893617021276593, 0.72659574468085109]
7,[1.0, 0.90319148936170213, 0.99627659574468086, 0.99787234042553197, 0.998404255319149, 0.95425531914893624, 0.99574468085106393]
8,[0.9968085106382979, 0.93244680851063821, 1.0, 0.95372340425531932, 0.98989361702127654, 0.9968085106382979, 0.99148936170212765, 0.72553191489361701]
9,[0.99893617021276593, 0.9968085106382979, 0.95957446808510638, 0.99148936170212765, 0.99095744680851061, 0.9781914893617023, 0.93244680851063821, 0.99574468085106393, 0.72659574468085109]
10,[0.99946808510638296, 0.99202127659574457, 0.9367021276595745, 0.98031914893617011, 0.99627659574468086, 0.72659574468085109, 0.99468085106382986, 0.72659574468085109, 0.99468085106382986, 0.94787234042553192]

Individual Group Standard Deviations
1,[0.0]
2,[0.0, 0.0013029200759484805]
3,[0.0013029200759484805, 0.0013029200759484805, 0.0021276595744681047]
4,[0.0, 0.0010638297872340718, 0.0, 0.0064271521136141478]
5,[0.0010638297872340274, 0.0010638297872340274, 0.0060647628994634816, 0.0, 0.0021276595744681047]
6,[0.0013029200759484805, 0.001302920075948535, 0.0031015701568326082, 0.0027122444221238311, 0.0013029200759484805, 0.032720332977084453]
7,[0.0, 0.012654656652521615, 0.0027122444221238311, 0.0010638297872340274, 0.0013029200759484805, 0.0026058401518969879, 0.0049327757954764542]
8,[0.001990243290837222, 0.0057288987309941823, 0.0, 0.003191489361702134, 0.0035283242450589226, 0.0010638297872340718, 0.0035283242450589529, 0.032241239278067525]
9,[0.0013029200759484805, 0.001990243290837222, 0.010558209170893174, 0.004255319148936179, 0.0039804865816744318, 0.0042553191489361564, 0.0057288987309941823, 0.0036076223314496056, 0.032720332977084453]
10,[0.0010638297872340274, 0.0023787957207444233, 0.0051571062312939847, 0.0021276595744681047, 0.001302920075948535, 0.032720332977084453, 0.0047575914414889333, 0.032720332977084453, 0.0029134178590700314, 0.0031914893617021344]

Done in: 1.9832745809999324 seconds


Skipping op 1


Test iteration: 4


yx: [(0.20609008648209454, 19), (1.0560576647630417, 17), (54.703813656530706, 2), (14.403979166136104, 23), (11674.249207353367, 8), (0.53529227463135876, 24), (37.716628160163751, 6), (1673.028072660614, 3), (611.45223355655355, 5), (4942.4213841998017, 7), (3406.9169720463642, 4), (10796.695599307694, 9), (3406.9169720463642, 1), (787.42580232694104, 11), (2833.3460797804746, 12), (2445.5253094740078, 14), (7901.399342728153, 10), (5512.5060027335576, 0), (2044.8852742139543, 15), (268.22148676142314, 18), (7.3758607846575908, 16), (60.029816304015434, 20), (2773.3213854071273, 13), (3.3560411987554128, 21), (1.2858343359931588, 22)]


----- SVM_LINEAR Op: 0 --

Attribute list: {0: [19, 17, 2, 23, 8, 24, 6, 3, 5, 7, 4, 9, 1, 11, 12, 14, 10, 0, 15, 18, 16, 20, 13, 21, 22]}
Attribute list: {0: [19, 2, 8, 6, 5, 4, 1, 12, 10, 15, 16, 13, 22], 1: [17, 23, 24, 3, 7, 9, 11, 14, 0, 18, 20, 21]}
Attribute list: {0: [19, 23, 6, 7, 1, 14, 15, 20, 22], 1: [17, 8, 3, 4, 11, 10, 18, 13], 2: [2, 24, 5, 9, 12, 0, 16, 21]}
Attribute list: {0: [19, 8, 5, 1, 10, 16, 22], 1: [17, 24, 7, 11, 0, 20], 2: [2, 6, 4, 12, 15, 13], 3: [23, 3, 9, 14, 18, 21]}
Attribute list: {0: [19, 24, 4, 14, 16], 1: [17, 6, 9, 10, 20], 2: [2, 3, 1, 0, 13], 3: [23, 5, 11, 15, 21], 4: [8, 7, 12, 18, 22]}
Attribute list: {0: [19, 6, 1, 15, 22], 1: [17, 3, 11, 18], 2: [2, 5, 12, 16], 3: [23, 7, 14, 20], 4: [8, 4, 10, 13], 5: [24, 9, 0, 21]}
Attribute list: {0: [19, 3, 12, 20], 1: [17, 5, 14, 13], 2: [2, 7, 10, 21], 3: [23, 4, 0, 22], 4: [8, 9, 15], 5: [24, 1, 18], 6: [6, 11, 16]}
Attribute list: {0: [19, 5, 10, 22], 1: [17, 7, 0], 2: [2, 4, 15], 3: [23, 9, 18], 4: [8, 1, 16], 5: [24, 11, 20], 6: [6, 12, 13], 7: [3, 14, 21]}
Attribute list: {0: [19, 7, 15], 1: [17, 4, 18], 2: [2, 9, 16], 3: [23, 1, 20], 4: [8, 11, 13], 5: [24, 12, 21], 6: [6, 14, 22], 7: [3, 10], 8: [5, 0]}
Attribute list: {0: [19, 4, 16], 1: [17, 9, 20], 2: [2, 1, 13], 3: [23, 11, 21], 4: [8, 12, 22], 5: [24, 14], 6: [6, 10], 7: [3, 0], 8: [5, 15], 9: [7, 18]}

All Data: 

(K,Avg,StD,Max,Min,Swing)
1,1.00000,0.00000,1.00000,1.00000,0.00000
2,1.00000,0.00000,1.00000,1.00000,0.00000
3,1.00000,0.00000,1.00000,1.00000,0.00000
4,0.99734,0.00177,0.99947,0.99309,0.00638
5,0.99532,0.00238,1.00000,0.98936,0.01064
6,0.98191,0.00370,1.00000,0.92872,0.07128
7,0.97675,0.00351,0.99894,0.94149,0.05745
8,0.98391,0.00448,0.99734,0.95691,0.04043
9,0.97595,0.00383,1.00000,0.93617,0.06383
10,0.97473,0.00384,1.00000,0.93351,0.06649

-Detailed Info
Individual Group Accuracies

1,[1.0]
2,[1.0, 1.0]
3,[1.0, 1.0, 1.0]
4,[0.99787234042553197, 0.99308510638297864, 0.99946808510638296, 0.99893617021276593]
5,[0.9952127659574469, 0.99414893617021283, 0.99787234042553197, 0.9893617021276595, 1.0]
6,[0.96968085106382984, 0.9287234042553193, 0.99787234042553197, 1.0, 0.99946808510638296, 0.99574468085106393]
7,[0.99893617021276593, 0.9968085106382979, 0.97819148936170208, 0.94840425531914896, 0.99787234042553197, 0.94148936170212782, 0.97553191489361701]
8,[0.98244680851063815, 0.95691489361702131, 0.9691489361702128, 0.99574468085106393, 0.99734042553191493, 0.98297872340425518, 0.9952127659574469, 0.99148936170212765]
9,[0.98510638297872344, 0.94148936170212782, 0.99414893617021283, 0.93617021276595747, 1.0, 0.99468085106382986, 0.9813829787234043, 0.98031914893617011, 0.97021276595744688]
10,[0.9335106382978724, 0.99468085106382986, 0.9968085106382979, 0.97446808510638294, 1.0, 0.97872340425531923, 0.98191489361702133, 0.94893617021276599, 0.98510638297872344, 0.95319148936170206]

Individual Group Standard Deviations
1,[0.0]
2,[0.0, 0.0]
3,[0.0, 0.0, 0.0]
4,[0.0019902432908372103, 0.002712244422123818, 0.0010638297872340274, 0.0013029200759484805]
5,[0.001990243290837222, 0.0045757049292780077, 0.0019902432908372103, 0.0033641251703918802, 0.0]
6,[0.0076344149438336553, 0.008804758168748341, 0.0010638297872340274, 0.0, 0.0010638297872340274, 0.0036076223314496056]
7,[0.0013029200759484805, 0.0031015701568326121, 0.003528324245058923, 0.0031914893617021344, 0.0019902432908372103, 0.0044503192900748863, 0.0070164393395068898]
8,[0.0052116803037940106, 0.0054244888442476491, 0.0079964342438153813, 0.0036076223314496056, 0.0016820625851959577, 0.0064271521136141496, 0.001990243290837222, 0.0035283242450589529]
9,[0.0043212970237425392, 0.0044503192900748863, 0.0045757049292780077, 0.0029134178590700722, 0.0, 0.0029134178590700314, 0.0050461877555878498, 0.0036076223314496056, 0.0066008902372291694]
10,[0.0055787704689901733, 0.0047575914414889333, 0.0031015701568326121, 0.0046371265356815825, 0.0, 0.0037612062829071613, 0.0019902432908372103, 0.0031015701568326121, 0.004637126535681566, 0.0068532440035772172]

Done in: 1.7887545960002171 seconds


Skipping op 1


Test iteration: 5


yx: [(2833.3460797804746, 12), (60.029816304015434, 20), (0.53529227463135876, 24), (787.42580232694104, 11), (54.703813656530706, 2), (0.20609008648209454, 19), (2445.5253094740078, 14), (14.403979166136104, 23), (11674.249207353367, 8), (3.3560411987554128, 21), (1.2858343359931588, 22), (4942.4213841998017, 7), (1673.028072660614, 3), (10796.695599307694, 9), (3406.9169720463642, 1), (2773.3213854071273, 13), (37.716628160163751, 6), (611.45223355655355, 5), (1.0560576647630417, 17), (268.22148676142314, 18), (3406.9169720463642, 4), (7.3758607846575908, 16), (2044.8852742139543, 15), (5512.5060027335576, 0), (7901.399342728153, 10)]


----- SVM_LINEAR Op: 0 --

Attribute list: {0: [12, 20, 24, 11, 2, 19, 14, 23, 8, 21, 22, 7, 3, 9, 1, 13, 6, 5, 17, 18, 4, 16, 15, 0, 10]}
Attribute list: {0: [12, 24, 2, 14, 8, 22, 3, 1, 6, 17, 4, 15, 10], 1: [20, 11, 19, 23, 21, 7, 9, 13, 5, 18, 16, 0]}
Attribute list: {0: [12, 11, 14, 21, 3, 13, 17, 16, 10], 1: [20, 2, 23, 22, 9, 6, 18, 15], 2: [24, 19, 8, 7, 1, 5, 4, 0]}
Attribute list: {0: [12, 2, 8, 3, 6, 4, 10], 1: [20, 19, 21, 9, 5, 16], 2: [24, 14, 22, 1, 17, 15], 3: [11, 23, 7, 13, 18, 0]}
Attribute list: {0: [12, 19, 22, 13, 4], 1: [20, 14, 7, 6, 16], 2: [24, 23, 3, 5, 15], 3: [11, 8, 9, 17, 0], 4: [2, 21, 1, 18, 10]}
Attribute list: {0: [12, 14, 3, 17, 10], 1: [20, 23, 9, 18], 2: [24, 8, 1, 4], 3: [11, 21, 13, 16], 4: [2, 22, 6, 15], 5: [19, 7, 5, 0]}
Attribute list: {0: [12, 23, 1, 16], 1: [20, 8, 13, 15], 2: [24, 21, 6, 0], 3: [11, 22, 5, 10], 4: [2, 7, 17], 5: [19, 3, 18], 6: [14, 9, 4]}
Attribute list: {0: [12, 8, 6, 10], 1: [20, 21, 5], 2: [24, 22, 17], 3: [11, 7, 18], 4: [2, 3, 4], 5: [19, 9, 16], 6: [14, 1, 15], 7: [23, 13, 0]}
Attribute list: {0: [12, 21, 17], 1: [20, 22, 18], 2: [24, 7, 4], 3: [11, 3, 16], 4: [2, 9, 15], 5: [19, 1, 0], 6: [14, 13, 10], 7: [23, 6], 8: [8, 5]}
Attribute list: {0: [12, 22, 4], 1: [20, 7, 16], 2: [24, 3, 15], 3: [11, 9, 0], 4: [2, 1, 10], 5: [19, 13], 6: [14, 6], 7: [23, 5], 8: [8, 17], 9: [21, 18]}

All Data: 

(K,Avg,StD,Max,Min,Swing)
1,1.00000,0.00000,1.00000,1.00000,0.00000
2,1.00000,0.00000,1.00000,1.00000,0.00000
3,0.99858,0.00099,1.00000,0.99734,0.00266
4,0.99774,0.00145,1.00000,0.99574,0.00426
5,0.99234,0.00224,1.00000,0.97979,0.02021
6,0.99113,0.00296,0.99947,0.97074,0.02872
7,0.97173,0.00404,1.00000,0.90798,0.09202
8,0.92793,0.00995,1.00000,0.72660,0.27340
9,0.91785,0.00965,0.99787,0.72660,0.27128
10,0.93856,0.01043,0.99947,0.72979,0.26968

-Detailed Info
Individual Group Accuracies

1,[1.0]
2,[1.0, 1.0]
3,[1.0, 0.99734042553191493, 0.998404255319149]
4,[1.0, 0.99574468085106393, 0.99627659574468086, 0.99893617021276593]
5,[0.99946808510638296, 1.0, 0.97978723404255308, 0.99893617021276593, 0.98351063829787222]
6,[0.99946808510638296, 0.99574468085106393, 0.99893617021276593, 0.99308510638297887, 0.98882978723404269, 0.97074468085106391]
7,[0.99946808510638296, 1.0, 0.95159574468085106, 0.99627659574468086, 0.94734042553191489, 0.90797872340425523, 0.99946808510638296]
8,[1.0, 0.78829787234042559, 0.72659574468085109, 0.99042553191489358, 0.93085106382978711, 0.99468085106382986, 0.99627659574468086, 0.99627659574468086]
9,[0.99468085106382986, 0.72659574468085109, 0.94946808510638303, 0.92446808510638301, 0.9968085106382979, 0.94787234042553192, 0.99627659574468086, 0.72659574468085109, 0.99787234042553197]
10,[0.99946808510638296, 0.9521276595744681, 0.98191489361702133, 0.99734042553191493, 0.98031914893617011, 0.9893617021276595, 0.9813829787234043, 0.77712765957446805, 0.9968085106382979, 0.72978723404255308]

Individual Group Standard Deviations
1,[0.0]
2,[0.0, 0.0]
3,[0.0, 0.0016820625851959577, 0.0013029200759484805]
4,[0.0, 0.0031914893617021344, 0.001302920075948535, 0.0013029200759484805]
5,[0.0010638297872340274, 0.0, 0.0062031403136652372, 0.0013029200759484805, 0.0026058401518970018]
6,[0.0010638297872340274, 0.0036076223314496056, 0.0013029200759484805, 0.0021276595744680995, 0.0059231535774787484, 0.0037612062829071613]
7,[0.0010638297872340274, 0.0, 0.0039087602278455019, 0.0039804865816743962, 0.0094255559290794561, 0.0088368338967213748, 0.0010638297872340274]
8,[0.0, 0.031674627512679611, 0.032720332977084453, 0.0049327757954764446, 0.0029134178590700314, 0.0047575914414889333, 0.001302920075948535, 0.001302920075948535]
9,[0.0029134178590700314, 0.032720332977084453, 0.0060647628994635015, 0.0039804865816743841, 0.001990243290837222, 0.0031914893617021344, 0.001302920075948535, 0.032720332977084453, 0.0019902432908372103]
10,[0.0010638297872340274, 0.0065146003797424837, 0.0088047581687483271, 0.0029134178590700314, 0.0049327757954764542, 0.0044503192900748464, 0.0050461877555878498, 0.035618444771879164, 0.001990243290837222, 0.032987301561092877]

Done in: 1.7963540950004244 seconds


Skipping op 1


Test iteration: 6


yx: [(3406.9169720463642, 4), (1673.028072660614, 3), (787.42580232694104, 11), (611.45223355655355, 5), (1.2858343359931588, 22), (2044.8852742139543, 15), (7901.399342728153, 10), (37.716628160163751, 6), (268.22148676142314, 18), (5512.5060027335576, 0), (0.20609008648209454, 19), (54.703813656530706, 2), (4942.4213841998017, 7), (3.3560411987554128, 21), (7.3758607846575908, 16), (3406.9169720463642, 1), (1.0560576647630417, 17), (14.403979166136104, 23), (0.53529227463135876, 24), (2773.3213854071273, 13), (60.029816304015434, 20), (11674.249207353367, 8), (10796.695599307694, 9), (2833.3460797804746, 12), (2445.5253094740078, 14)]


----- SVM_LINEAR Op: 0 --

Attribute list: {0: [4, 3, 11, 5, 22, 15, 10, 6, 18, 0, 19, 2, 7, 21, 16, 1, 17, 23, 24, 13, 20, 8, 9, 12, 14]}
Attribute list: {0: [4, 11, 22, 10, 18, 19, 7, 16, 17, 24, 20, 9, 14], 1: [3, 5, 15, 6, 0, 2, 21, 1, 23, 13, 8, 12]}
Attribute list: {0: [4, 5, 10, 0, 7, 1, 24, 8, 14], 1: [3, 22, 6, 19, 21, 17, 13, 9], 2: [11, 15, 18, 2, 16, 23, 20, 12]}
Attribute list: {0: [4, 22, 18, 7, 17, 20, 14], 1: [3, 15, 0, 21, 23, 8], 2: [11, 10, 19, 16, 24, 9], 3: [5, 6, 2, 1, 13, 12]}
Attribute list: {0: [4, 15, 19, 1, 20], 1: [3, 10, 2, 17, 8], 2: [11, 6, 7, 23, 9], 3: [5, 18, 21, 24, 12], 4: [22, 0, 16, 13, 14]}
Attribute list: {0: [4, 10, 7, 24, 14], 1: [3, 6, 21, 13], 2: [11, 18, 16, 20], 3: [5, 0, 1, 8], 4: [22, 19, 17, 9], 5: [15, 2, 23, 12]}
Attribute list: {0: [4, 6, 16, 8], 1: [3, 18, 1, 9], 2: [11, 0, 17, 12], 3: [5, 19, 23, 14], 4: [22, 2, 24], 5: [15, 7, 13], 6: [10, 21, 20]}
Attribute list: {0: [4, 18, 17, 14], 1: [3, 0, 23], 2: [11, 19, 24], 3: [5, 2, 13], 4: [22, 7, 20], 5: [15, 21, 8], 6: [10, 16, 9], 7: [6, 1, 12]}
Attribute list: {0: [4, 0, 24], 1: [3, 19, 13], 2: [11, 2, 20], 3: [5, 7, 8], 4: [22, 21, 9], 5: [15, 16, 12], 6: [10, 1, 14], 7: [6, 17], 8: [18, 23]}
Attribute list: {0: [4, 19, 20], 1: [3, 2, 8], 2: [11, 7, 9], 3: [5, 21, 12], 4: [22, 16, 14], 5: [15, 1], 6: [10, 17], 7: [6, 23], 8: [18, 24], 9: [0, 13]}

All Data: 

(K,Avg,StD,Max,Min,Swing)
1,1.00000,0.00000,1.00000,1.00000,0.00000
2,1.00000,0.00000,1.00000,1.00000,0.00000
3,0.99929,0.00079,1.00000,0.99840,0.00160
4,0.99880,0.00137,1.00000,0.99681,0.00319
5,0.99117,0.00289,0.99840,0.96809,0.03032
6,0.99415,0.00295,0.99894,0.97872,0.02021
7,0.95532,0.00614,0.99947,0.72340,0.27606
8,0.98265,0.00335,0.99947,0.95000,0.04947
9,0.92861,0.00976,0.99840,0.72553,0.27287
10,0.93011,0.00926,0.99840,0.72660,0.27181

-Detailed Info
Individual Group Accuracies

1,[1.0]
2,[1.0, 1.0]
3,[1.0, 0.99946808510638296, 0.998404255319149]
4,[1.0, 0.99893617021276593, 0.9968085106382979, 0.99946808510638296]
5,[0.96808510638297884, 0.9968085106382979, 0.998404255319149, 0.99627659574468086, 0.99627659574468086]
6,[0.99893617021276593, 0.99574468085106393, 0.97872340425531912, 0.998404255319149, 0.99468085106382986, 0.998404255319149]
7,[0.99787234042553197, 0.9968085106382979, 0.99946808510638296, 0.99202127659574457, 0.72340425531914898, 0.99893617021276593, 0.97872340425531912]
8,[0.99574468085106393, 0.94999999999999996, 0.97446808510638294, 0.99734042553191493, 0.95159574468085106, 0.99893617021276593, 0.99361702127659579, 0.99946808510638296]
9,[0.94787234042553192, 0.99414893617021283, 0.97765957446808505, 0.99787234042553197, 0.99468085106382986, 0.998404255319149, 0.99468085106382986, 0.72659574468085109, 0.72553191489361701]
10,[0.93510638297872339, 0.9968085106382979, 0.998404255319149, 0.9968085106382979, 0.97872340425531923, 0.96808510638297884, 0.97819148936170208, 0.72659574468085109, 0.72659574468085109, 0.99574468085106393]

Individual Group Standard Deviations
1,[0.0]
2,[0.0, 0.0]
3,[0.0, 0.0010638297872340274, 0.0013029200759484805]
4,[0.0, 0.0013029200759484805, 0.0031015701568326121, 0.0010638297872340274]
5,[0.0062937018969144607, 0.001990243290837222, 0.0021276595744680938, 0.0027122444221238311, 0.001302920075948535]
6,[0.0013029200759484805, 0.0021276595744680995, 0.0069353217076623796, 0.0013029200759484805, 0.0047575914414889333, 0.0013029200759484805]
7,[0.0010638297872340274, 0.0031015701568326121, 0.0010638297872340274, 0.0016820625851959225, 0.031423522314344532, 0.0013029200759484805, 0.003364125170391898]
8,[0.0021276595744681047, 0.0039087602278454958, 0.0046371265356815834, 0.0023787957207444732, 0.0059231535774787406, 0.0013029200759484805, 0.0054763990111633002, 0.0010638297872340274]
9,[0.0031914893617021344, 0.0035283242450589226, 0.0064271521136141192, 0.0019902432908372103, 0.0047575914414889333, 0.0013029200759484805, 0.0016820625851959577, 0.032720332977084453, 0.032241239278067525]
10,[0.0043212970237425556, 0.001990243290837222, 0.0021276595744680938, 0.001990243290837222, 0.0037612062829071613, 0.0069353217076623614, 0.0039087602278454932, 0.032720332977084453, 0.032720332977084453, 0.0021276595744681047]

Done in: 1.8869681929991202 seconds


Skipping op 1


Test iteration: 7


yx: [(611.45223355655355, 5), (1673.028072660614, 3), (7.3758607846575908, 16), (1.2858343359931588, 22), (11674.249207353367, 8), (2044.8852742139543, 15), (0.53529227463135876, 24), (1.0560576647630417, 17), (2445.5253094740078, 14), (3406.9169720463642, 4), (0.20609008648209454, 19), (10796.695599307694, 9), (2773.3213854071273, 13), (5512.5060027335576, 0), (60.029816304015434, 20), (2833.3460797804746, 12), (14.403979166136104, 23), (4942.4213841998017, 7), (787.42580232694104, 11), (37.716628160163751, 6), (54.703813656530706, 2), (3406.9169720463642, 1), (3.3560411987554128, 21), (7901.399342728153, 10), (268.22148676142314, 18)]


----- SVM_LINEAR Op: 0 --

Attribute list: {0: [5, 3, 16, 22, 8, 15, 24, 17, 14, 4, 19, 9, 13, 0, 20, 12, 23, 7, 11, 6, 2, 1, 21, 10, 18]}
Attribute list: {0: [5, 16, 8, 24, 14, 19, 13, 20, 23, 11, 2, 21, 18], 1: [3, 22, 15, 17, 4, 9, 0, 12, 7, 6, 1, 10]}
Attribute list: {0: [5, 22, 24, 4, 13, 12, 11, 1, 18], 1: [3, 8, 17, 19, 0, 23, 6, 21], 2: [16, 15, 14, 9, 20, 7, 2, 10]}
Attribute list: {0: [5, 8, 14, 13, 23, 2, 18], 1: [3, 15, 4, 0, 7, 1], 2: [16, 24, 19, 20, 11, 21], 3: [22, 17, 9, 12, 6, 10]}
Attribute list: {0: [5, 15, 19, 12, 2], 1: [3, 24, 9, 23, 1], 2: [16, 17, 13, 7, 21], 3: [22, 14, 0, 11, 10], 4: [8, 4, 20, 6, 18]}
Attribute list: {0: [5, 24, 13, 11, 18], 1: [3, 17, 0, 6], 2: [16, 14, 20, 2], 3: [22, 4, 12, 1], 4: [8, 19, 23, 21], 5: [15, 9, 7, 10]}
Attribute list: {0: [5, 17, 20, 1], 1: [3, 14, 12, 21], 2: [16, 4, 23, 10], 3: [22, 19, 7, 18], 4: [8, 9, 11], 5: [15, 13, 6], 6: [24, 0, 2]}
Attribute list: {0: [5, 14, 23, 18], 1: [3, 4, 7], 2: [16, 19, 11], 3: [22, 9, 6], 4: [8, 13, 2], 5: [15, 0, 1], 6: [24, 20, 21], 7: [17, 12, 10]}
Attribute list: {0: [5, 4, 11], 1: [3, 19, 6], 2: [16, 9, 2], 3: [22, 13, 1], 4: [8, 0, 21], 5: [15, 20, 10], 6: [24, 12, 18], 7: [17, 23], 8: [14, 7]}
Attribute list: {0: [5, 19, 2], 1: [3, 9, 1], 2: [16, 13, 21], 3: [22, 0, 10], 4: [8, 20, 18], 5: [15, 12], 6: [24, 23], 7: [17, 7], 8: [14, 11], 9: [4, 6]}

All Data: 

(K,Avg,StD,Max,Min,Swing)
1,1.00000,0.00000,1.00000,1.00000,0.00000
2,1.00000,0.00000,1.00000,1.00000,0.00000
3,0.99876,0.00102,1.00000,0.99681,0.00319
4,0.99043,0.00256,1.00000,0.97872,0.02128
5,0.99840,0.00167,1.00000,0.99574,0.00426
6,0.98706,0.00269,1.00000,0.95106,0.04894
7,0.97515,0.00356,0.99840,0.94415,0.05426
8,0.95213,0.00719,1.00000,0.72872,0.27128
9,0.95301,0.00759,1.00000,0.72660,0.27340
10,0.94941,0.00796,0.99840,0.72660,0.27181

-Detailed Info
Individual Group Accuracies

1,[1.0]
2,[1.0, 1.0]
3,[0.99946808510638296, 0.9968085106382979, 1.0]
4,[1.0, 0.97872340425531923, 0.98297872340425541, 1.0]
5,[0.99893617021276593, 0.99574468085106393, 0.998404255319149, 1.0, 0.99893617021276593]
6,[0.998404255319149, 0.95106382978723403, 0.98085106382978737, 1.0, 0.99627659574468086, 0.99574468085106393]
7,[0.94414893617021289, 0.99787234042553197, 0.98191489361702122, 0.95319148936170206, 0.998404255319149, 0.99734042553191493, 0.95319148936170206]
8,[0.99202127659574457, 0.94893617021276611, 0.97340425531914898, 0.99468085106382986, 1.0, 0.97978723404255308, 0.72872340425531912, 0.99946808510638296]
9,[0.97446808510638294, 0.90319148936170213, 0.99414893617021283, 0.99627659574468086, 0.9968085106382979, 0.99148936170212765, 0.99414893617021272, 0.72659574468085109, 1.0]
10,[0.93882978723404253, 0.99574468085106393, 0.9893617021276595, 0.97819148936170208, 0.99627659574468086, 0.998404255319149, 0.72659574468085109, 0.94840425531914896, 0.98882978723404258, 0.9335106382978724]

Individual Group Standard Deviations
1,[0.0]
2,[0.0, 0.0]
3,[0.0010638297872340274, 0.001990243290837222, 0.0]
4,[0.0, 0.0047575914414889333, 0.0054763990111632846, 0.0]
5,[0.0013029200759484805, 0.0036076223314496056, 0.0021276595744680938, 0.0, 0.0013029200759484805]
6,[0.0013029200759484805, 0.0036076223314496251, 0.0063829787234042463, 0.0, 0.0021276595744681047, 0.0027122444221238315]
7,[0.0055787704689901846, 0.0019902432908372103, 0.0031015701568326082, 0.0068532440035772172, 0.0021276595744680938, 0.0016820625851959577, 0.0036076223314496251]
8,[0.0033641251703919153, 0.0066008902372291641, 0.007522412565814339, 0.0047575914414889333, 0.0, 0.001302920075948535, 0.032875610936941364, 0.0010638297872340274]
9,[0.0072543519664818477, 0.011726280683536502, 0.0045757049292780077, 0.0027122444221238311, 0.001990243290837222, 0.0042553191489361902, 0.0031015701568326047, 0.032720332977084453, 0.0]
10,[0.012474509999530406, 0.0036076223314496056, 0.0044503192900748464, 0.0039087602278454932, 0.0021276595744681047, 0.0013029200759484805, 0.032720332977084453, 0.0078175204556909673, 0.0042553191489361599, 0.0069353217076624047]

Done in: 1.715242133999709 seconds


Skipping op 1


Test iteration: 8


yx: [(611.45223355655355, 5), (2773.3213854071273, 13), (3406.9169720463642, 1), (1.0560576647630417, 17), (60.029816304015434, 20), (787.42580232694104, 11), (2445.5253094740078, 14), (3406.9169720463642, 4), (11674.249207353367, 8), (14.403979166136104, 23), (1.2858343359931588, 22), (2044.8852742139543, 15), (37.716628160163751, 6), (4942.4213841998017, 7), (0.20609008648209454, 19), (3.3560411987554128, 21), (7901.399342728153, 10), (10796.695599307694, 9), (1673.028072660614, 3), (54.703813656530706, 2), (2833.3460797804746, 12), (268.22148676142314, 18), (5512.5060027335576, 0), (0.53529227463135876, 24), (7.3758607846575908, 16)]


----- SVM_LINEAR Op: 0 --

Attribute list: {0: [5, 13, 1, 17, 20, 11, 14, 4, 8, 23, 22, 15, 6, 7, 19, 21, 10, 9, 3, 2, 12, 18, 0, 24, 16]}
Attribute list: {0: [5, 1, 20, 14, 8, 22, 6, 19, 10, 3, 12, 0, 16], 1: [13, 17, 11, 4, 23, 15, 7, 21, 9, 2, 18, 24]}
Attribute list: {0: [5, 17, 14, 23, 6, 21, 3, 18, 16], 1: [13, 20, 4, 22, 7, 10, 2, 0], 2: [1, 11, 8, 15, 19, 9, 12, 24]}
Attribute list: {0: [5, 20, 8, 6, 10, 12, 16], 1: [13, 11, 23, 7, 9, 18], 2: [1, 14, 22, 19, 3, 0], 3: [17, 4, 15, 21, 2, 24]}
Attribute list: {0: [5, 11, 22, 21, 12], 1: [13, 14, 15, 10, 18], 2: [1, 4, 6, 9, 0], 3: [17, 8, 7, 3, 24], 4: [20, 23, 19, 2, 16]}
Attribute list: {0: [5, 14, 6, 3, 16], 1: [13, 4, 7, 2], 2: [1, 8, 19, 12], 3: [17, 23, 21, 18], 4: [20, 22, 10, 0], 5: [11, 15, 9, 24]}
Attribute list: {0: [5, 4, 19, 18], 1: [13, 8, 21, 0], 2: [1, 23, 10, 24], 3: [17, 22, 9, 16], 4: [20, 15, 3], 5: [11, 6, 2], 6: [14, 7, 12]}
Attribute list: {0: [5, 8, 10, 16], 1: [13, 23, 9], 2: [1, 22, 3], 3: [17, 15, 2], 4: [20, 6, 12], 5: [11, 7, 18], 6: [14, 19, 0], 7: [4, 21, 24]}
Attribute list: {0: [5, 23, 3], 1: [13, 22, 2], 2: [1, 15, 12], 3: [17, 6, 18], 4: [20, 7, 0], 5: [11, 19, 24], 6: [14, 21, 16], 7: [4, 10], 8: [8, 9]}
Attribute list: {0: [5, 22, 12], 1: [13, 15, 18], 2: [1, 6, 0], 3: [17, 7, 24], 4: [20, 19, 16], 5: [11, 21], 6: [14, 10], 7: [4, 9], 8: [8, 3], 9: [23, 2]}

All Data: 

(K,Avg,StD,Max,Min,Swing)
1,1.00000,0.00000,1.00000,1.00000,0.00000
2,1.00000,0.00000,1.00000,1.00000,0.00000
3,0.99858,0.00126,1.00000,0.99628,0.00372
4,0.99109,0.00238,1.00000,0.96862,0.03138
5,0.94191,0.00821,0.99840,0.72128,0.27713
6,0.95035,0.00656,1.00000,0.72872,0.27128
7,0.98374,0.00444,1.00000,0.95213,0.04787
8,0.97859,0.00359,0.99947,0.93032,0.06915
9,0.94622,0.00747,1.00000,0.72660,0.27340
10,0.93021,0.00928,0.99681,0.72287,0.27394

-Detailed Info
Individual Group Accuracies

1,[1.0]
2,[1.0, 1.0]
3,[0.99627659574468086, 0.99946808510638296, 1.0]
4,[1.0, 1.0, 0.99574468085106393, 0.96861702127659588]
5,[0.998404255319149, 0.9968085106382979, 0.99627659574468086, 0.9968085106382979, 0.72127659574468095]
6,[0.99574468085106393, 0.99946808510638296, 1.0, 0.72872340425531912, 0.97925531914893615, 0.99893617021276593]
7,[0.9521276595744681, 1.0, 0.98191489361702122, 0.99468085106382986, 0.98404255319148937, 0.97340425531914898, 1.0]
8,[0.9968085106382979, 0.99946808510638296, 0.93031914893617029, 0.98882978723404258, 0.99468085106382986, 0.99042553191489358, 0.99574468085106393, 0.93244680851063821]
9,[0.90744680851063819, 0.99148936170212765, 1.0, 0.72659574468085109, 0.95957446808510638, 0.97446808510638294, 0.97872340425531923, 0.98138297872340419, 0.99627659574468086]
10,[0.9968085106382979, 0.99574468085106393, 0.94999999999999996, 0.94840425531914896, 0.72659574468085109, 0.97393617021276602, 0.9952127659574469, 0.99574468085106393, 0.9968085106382979, 0.72287234042553195]

Individual Group Standard Deviations
1,[0.0]
2,[0.0, 0.0]
3,[0.0027122444221238311, 0.0010638297872340274, 0.0]
4,[0.0, 0.0, 0.0021276595744681047, 0.0074087171687149712]
5,[0.0013029200759484805, 0.0010638297872340718, 0.0039804865816743962, 0.001990243290837222, 0.032720332977084467]
6,[0.0021276595744681047, 0.0010638297872340274, 0.0, 0.031737093383353808, 0.0031015701568326121, 0.0013029200759484805]
7,[0.0069353217076623874, 0.0, 0.0031015701568326082, 0.0047575914414889333, 0.0087402535772101025, 0.0075224125658143381, 0.0]
8,[0.001990243290837222, 0.0010638297872340274, 0.004255319148936179, 0.0056792969425698532, 0.0029134178590700314, 0.0049327757954764446, 0.0021276595744681047, 0.0057288987309941823]
9,[0.008136733266371465, 0.004255319148936179, 0.0, 0.032720332977084453, 0.0066008902372291676, 0.0046371265356815834, 0.0037612062829071613, 0.0044503192900748863, 0.0027122444221238311]
10,[0.001990243290837222, 0.0036076223314496117, 0.0031015701568326078, 0.0078175204556909673, 0.032720332977084453, 0.0045757049292780077, 0.001990243290837222, 0.0036076223314496056, 0.001990243290837222, 0.031396499071007888]

Done in: 1.9161326569992525 seconds


Skipping op 1


Test iteration: 9


yx: [(11674.249207353367, 8), (54.703813656530706, 2), (1673.028072660614, 3), (0.20609008648209454, 19), (7901.399342728153, 10), (3406.9169720463642, 1), (3406.9169720463642, 4), (611.45223355655355, 5), (268.22148676142314, 18), (10796.695599307694, 9), (60.029816304015434, 20), (1.2858343359931588, 22), (1.0560576647630417, 17), (0.53529227463135876, 24), (2833.3460797804746, 12), (5512.5060027335576, 0), (787.42580232694104, 11), (4942.4213841998017, 7), (2773.3213854071273, 13), (2044.8852742139543, 15), (37.716628160163751, 6), (7.3758607846575908, 16), (3.3560411987554128, 21), (2445.5253094740078, 14), (14.403979166136104, 23)]


----- SVM_LINEAR Op: 0 --

Attribute list: {0: [8, 2, 3, 19, 10, 1, 4, 5, 18, 9, 20, 22, 17, 24, 12, 0, 11, 7, 13, 15, 6, 16, 21, 14, 23]}
Attribute list: {0: [8, 3, 10, 4, 18, 20, 17, 12, 11, 13, 6, 21, 23], 1: [2, 19, 1, 5, 9, 22, 24, 0, 7, 15, 16, 14]}
Attribute list: {0: [8, 19, 4, 9, 17, 0, 13, 16, 23], 1: [2, 10, 5, 20, 24, 11, 15, 21], 2: [3, 1, 18, 22, 12, 7, 6, 14]}
Attribute list: {0: [8, 10, 18, 17, 11, 6, 23], 1: [2, 1, 9, 24, 7, 16], 2: [3, 4, 20, 12, 13, 21], 3: [19, 5, 22, 0, 15, 14]}
Attribute list: {0: [8, 1, 20, 0, 6], 1: [2, 4, 22, 11, 16], 2: [3, 5, 17, 7, 21], 3: [19, 18, 24, 13, 14], 4: [10, 9, 12, 15, 23]}
Attribute list: {0: [8, 4, 17, 13, 23], 1: [2, 5, 24, 15], 2: [3, 18, 12, 6], 3: [19, 9, 0, 16], 4: [10, 20, 11, 21], 5: [1, 22, 7, 14]}
Attribute list: {0: [8, 5, 12, 16], 1: [2, 18, 0, 21], 2: [3, 9, 11, 14], 3: [19, 20, 7, 23], 4: [10, 22, 13], 5: [1, 17, 15], 6: [4, 24, 6]}
Attribute list: {0: [8, 18, 11, 23], 1: [2, 9, 7], 2: [3, 20, 13], 3: [19, 22, 15], 4: [10, 17, 6], 5: [1, 24, 16], 6: [4, 12, 21], 7: [5, 0, 14]}
Attribute list: {0: [8, 9, 13], 1: [2, 20, 15], 2: [3, 22, 6], 3: [19, 17, 16], 4: [10, 24, 21], 5: [1, 12, 14], 6: [4, 0, 23], 7: [5, 11], 8: [18, 7]}
Attribute list: {0: [8, 20, 6], 1: [2, 22, 16], 2: [3, 17, 21], 3: [19, 24, 14], 4: [10, 12, 23], 5: [1, 0], 6: [4, 11], 7: [5, 7], 8: [18, 13], 9: [9, 15]}

All Data: 

(K,Avg,StD,Max,Min,Swing)
1,1.00000,0.00000,1.00000,1.00000,0.00000
2,1.00000,0.00000,1.00000,1.00000,0.00000
3,0.99929,0.00103,1.00000,0.99787,0.00213
4,0.99840,0.00162,0.99947,0.99681,0.00266
5,0.98234,0.00347,1.00000,0.95585,0.04415
6,0.99654,0.00285,1.00000,0.99043,0.00957
7,0.97272,0.00339,1.00000,0.93351,0.06649
8,0.98590,0.00290,0.99947,0.93351,0.06596
9,0.93966,0.00830,1.00000,0.72660,0.27340
10,0.94649,0.00744,0.99947,0.72340,0.27606

-Detailed Info
Individual Group Accuracies

1,[1.0]
2,[1.0, 1.0]
3,[1.0, 0.99787234042553197, 1.0]
4,[0.998404255319149, 0.9968085106382979, 0.99946808510638296, 0.99893617021276593]
5,[0.998404255319149, 0.96808510638297884, 0.95585106382978713, 0.9893617021276595, 1.0]
6,[1.0, 0.9904255319148938, 0.99734042553191493, 0.99574468085106393, 0.99574468085106393, 1.0]
7,[1.0, 0.95851063829787242, 1.0, 0.9521276595744681, 0.9968085106382979, 0.96808510638297884, 0.9335106382978724]
8,[0.99893617021276593, 0.99361702127659568, 0.99414893617021283, 0.98882978723404269, 0.98191489361702133, 0.9335106382978724, 0.99946808510638296, 0.9968085106382979]
9,[1.0, 0.98829787234042554, 0.90319148936170213, 0.72659574468085109, 0.97819148936170208, 0.99946808510638296, 0.94840425531914896, 0.95957446808510638, 0.95319148936170206]
10,[0.9968085106382979, 0.72340425531914898, 0.90319148936170213, 0.97872340425531923, 0.99946808510638296, 0.94787234042553192, 0.96702127659574466, 0.96223404255319145, 0.98882978723404258, 0.99734042553191493]

Individual Group Standard Deviations
1,[0.0]
2,[0.0, 0.0]
3,[0.0, 0.0031015701568326043, 0.0]
4,[0.0021276595744680938, 0.001990243290837222, 0.0010638297872340274, 0.0013029200759484805]
5,[0.0013029200759484805, 0.007708179120313529, 0.0066436148919131769, 0.0016820625851959577, 0.0]
6,[0.0, 0.006203140313665206, 0.0023787957207444732, 0.0036076223314496056, 0.0049327757954764542, 0.0]
7,[0.0, 0.0027122444221238137, 0.0, 0.0060647628994634911, 0.0010638297872340718, 0.0069353217076623614, 0.0069353217076624047]
8,[0.0013029200759484805, 0.0027122444221238137, 0.0035283242450589226, 0.0059231535774787484, 0.0019902432908372103, 0.0055787704689901733, 0.0010638297872340274, 0.0010638297872340718]
9,[0.0, 0.0046371265356815886, 0.011726280683536502, 0.032720332977084453, 0.0039087602278454932, 0.0010638297872340274, 0.0031914893617021344, 0.010558209170893174, 0.0068532440035772172]
10,[0.001990243290837222, 0.032267555081070418, 0.012654656652521615, 0.0037612062829071613, 0.0010638297872340274, 0.0031914893617021344, 0.0070566484901178521, 0.0061573600546756431, 0.0039087602278454836, 0.0023787957207444732]

Done in: 1.8202727930001856 seconds


Skipping op 1


Test iteration: 10


yx: [(5512.5060027335576, 0), (1673.028072660614, 3), (7.3758607846575908, 16), (2445.5253094740078, 14), (2833.3460797804746, 12), (2044.8852742139543, 15), (268.22148676142314, 18), (0.53529227463135876, 24), (11674.249207353367, 8), (7901.399342728153, 10), (4942.4213841998017, 7), (54.703813656530706, 2), (611.45223355655355, 5), (0.20609008648209454, 19), (60.029816304015434, 20), (3.3560411987554128, 21), (37.716628160163751, 6), (10796.695599307694, 9), (787.42580232694104, 11), (3406.9169720463642, 4), (14.403979166136104, 23), (3406.9169720463642, 1), (1.2858343359931588, 22), (2773.3213854071273, 13), (1.0560576647630417, 17)]


----- SVM_LINEAR Op: 0 --

Attribute list: {0: [0, 3, 16, 14, 12, 15, 18, 24, 8, 10, 7, 2, 5, 19, 20, 21, 6, 9, 11, 4, 23, 1, 22, 13, 17]}
Attribute list: {0: [0, 16, 12, 18, 8, 7, 5, 20, 6, 11, 23, 22, 17], 1: [3, 14, 15, 24, 10, 2, 19, 21, 9, 4, 1, 13]}
Attribute list: {0: [0, 14, 18, 10, 5, 21, 11, 1, 17], 1: [3, 12, 24, 7, 19, 6, 4, 22], 2: [16, 15, 8, 2, 20, 9, 23, 13]}
Attribute list: {0: [0, 12, 8, 5, 6, 23, 17], 1: [3, 15, 10, 19, 9, 1], 2: [16, 18, 7, 20, 11, 22], 3: [14, 24, 2, 21, 4, 13]}
Attribute list: {0: [0, 15, 7, 21, 23], 1: [3, 18, 2, 6, 1], 2: [16, 24, 5, 9, 22], 3: [14, 8, 19, 11, 13], 4: [12, 10, 20, 4, 17]}
Attribute list: {0: [0, 18, 5, 11, 17], 1: [3, 24, 19, 4], 2: [16, 8, 20, 23], 3: [14, 10, 21, 1], 4: [12, 7, 6, 22], 5: [15, 2, 9, 13]}
Attribute list: {0: [0, 24, 20, 1], 1: [3, 8, 21, 22], 2: [16, 10, 6, 13], 3: [14, 7, 9, 17], 4: [12, 2, 11], 5: [15, 5, 4], 6: [18, 19, 23]}
Attribute list: {0: [0, 8, 6, 17], 1: [3, 10, 9], 2: [16, 7, 11], 3: [14, 2, 4], 4: [12, 5, 23], 5: [15, 19, 1], 6: [18, 20, 22], 7: [24, 21, 13]}
Attribute list: {0: [0, 10, 11], 1: [3, 7, 4], 2: [16, 2, 23], 3: [14, 5, 1], 4: [12, 19, 22], 5: [15, 20, 13], 6: [18, 21, 17], 7: [24, 6], 8: [8, 9]}
Attribute list: {0: [0, 7, 23], 1: [3, 2, 1], 2: [16, 5, 22], 3: [14, 19, 13], 4: [12, 20, 17], 5: [15, 21], 6: [18, 6], 7: [24, 9], 8: [8, 11], 9: [10, 4]}

All Data: 

(K,Avg,StD,Max,Min,Swing)
1,1.00000,0.00000,1.00000,1.00000,0.00000
2,0.99973,0.00053,1.00000,0.99947,0.00053
3,0.99965,0.00043,1.00000,0.99894,0.00106
4,0.99628,0.00253,1.00000,0.99149,0.00851
5,0.98266,0.00311,1.00000,0.93883,0.06117
6,0.98546,0.00201,1.00000,0.93032,0.06968
7,0.94932,0.00650,1.00000,0.72553,0.27447
8,0.95725,0.00727,0.99734,0.72660,0.27074
9,0.90083,0.01306,0.99734,0.72287,0.27447
10,0.93410,0.00916,0.99894,0.72660,0.27234

-Detailed Info
Individual Group Accuracies

1,[1.0]
2,[1.0, 0.99946808510638296]
3,[1.0, 0.99893617021276593, 1.0]
4,[1.0, 0.9968085106382979, 0.99148936170212765, 0.9968085106382979]
5,[0.9797872340425533, 0.93882978723404253, 0.9952127659574469, 1.0, 0.99946808510638296]
6,[0.99308510638297864, 0.93031914893617029, 0.9968085106382979, 0.99468085106382986, 0.99787234042553197, 1.0]
7,[0.95053191489361699, 0.9968085106382979, 0.99787234042553197, 1.0, 0.99734042553191493, 0.97712765957446801, 0.72553191489361701]
8,[0.9968085106382979, 0.99468085106382986, 0.98989361702127654, 0.9952127659574469, 0.99734042553191493, 0.96808510638297884, 0.72659574468085109, 0.9893617021276595]
9,[0.9952127659574469, 0.94893617021276611, 0.72287234042553195, 0.99734042553191493, 0.99468085106382986, 0.99574468085106393, 0.72978723404255308, 0.72659574468085109, 0.99627659574468086]
10,[0.95797872340425538, 0.93085106382978711, 0.77606382978723398, 0.99095744680851061, 0.99468085106382986, 0.98882978723404269, 0.72659574468085109, 0.99468085106382986, 0.99893617021276593, 0.98138297872340419]

Individual Group Standard Deviations
1,[0.0]
2,[0.0, 0.0010638297872340274]
3,[0.0, 0.0013029200759484805, 0.0]
4,[0.0, 0.0031015701568326121, 0.0039087602278455019, 0.0031015701568326121]
5,[0.0068532440035771851, 0.0050461877555878611, 0.0026058401518970153, 0.0, 0.0010638297872340274]
6,[0.0021276595744680548, 0.004255319148936179, 0.001990243290837222, 0.0016820625851959577, 0.0019902432908372103, 0.0]
7,[0.0013029200759484803, 0.001990243290837222, 0.0010638297872340274, 0.0, 0.0016820625851959577, 0.007254351966481833, 0.032241239278067525]
8,[0.001990243290837222, 0.0047575914414889333, 0.0045757049292780077, 0.0010638297872340718, 0.0016820625851959577, 0.0069353217076623614, 0.032720332977084453, 0.0044503192900748464]
9,[0.0045757049292780129, 0.0066008902372291641, 0.031396499071007888, 0.0, 0.0029134178590700314, 0.0036076223314496117, 0.032987301561092877, 0.032720332977084453, 0.0027122444221238311]
10,[0.0061573600546756431, 0.0029134178590700314, 0.028316663094055661, 0.002127659574468099, 0.0029134178590700314, 0.0059231535774787484, 0.032720332977084453, 0.0047575914414889333, 0.0013029200759484805, 0.0044503192900748863]

Done in: 1.8474557009994896 seconds


Skipping op 1


------ END OF datasets/humanbot.csv ------ 


Total SVMs: 3025

