
 *** *** *** *** NEW FILE OPEN *** *** *** *** 


--------------- Starting analysis for file: datasets/spambase.csv

Num features in file: 57

Test iteration: 0


yx: [(791.72590272438856, 20), (580.53431288035915, 22), (570.17018323817979, 6), (538.03079302132574, 52), (372.27398873673053, 18), (342.34624048070651, 15), (342.31638377382416, 16), (324.49091789024561, 24), (304.41709958163727, 56), (285.89065941753802, 4), (285.81052197088258, 51), (267.68716923521453, 10), (263.93045605389534, 25), (263.06050756047887, 5), (260.54985204436059, 8), (225.31457895101335, 23), (225.28596130779229, 55), (205.48684320006637, 7), (200.12821121458907, 17), (185.66548538944429, 2), (183.54339238209647, 14), (171.79292677335752, 19), (160.08136125973616, 26), (150.56205359831463, 36), (138.68802555204127, 29), (118.97563221702708, 27), (104.7437399830297, 34), (100.36128013685433, 45), (92.490295936271139, 44), (90.557261008173128, 9), (87.467092783558456, 41), (86.840406939738429, 35), (86.23074223161359, 42), (83.481351277868924, 28), (82.72388837507566, 12), (75.287323882797438, 30), (74.440205328169824, 0), (70.4496833043153, 38), (67.114871464822258, 32), (60.786191222407787, 31), (59.22233990987074, 33), (56.328474218338791, 54), (44.02450490724673, 40), (41.523556896649929, 43), (39.137908076137244, 21), (37.280564276263419, 49), (32.696661636308562, 47), (19.553356717257941, 53), (19.393516620468606, 39), (19.33832246435885, 50), (16.631406399135862, 13), (16.410946942014164, 48), (15.187494621668746, 3), (9.1987616122908307, 46), (4.4339736464657991, 37), (4.2048613680689666, 1), (0.27558303801782363, 11)]


----- SVM_LINEAR Op: 0 --

Attribute list: {0: [20, 22, 6, 52, 18, 15, 16, 24, 56, 4, 51, 10, 25, 5, 8, 23, 55, 7, 17, 2, 14, 19, 26, 36, 29, 27, 34, 45, 44, 9, 41, 35, 42, 28, 12, 30, 0, 38, 32, 31, 33, 54, 40, 43, 21, 49, 47, 53, 39, 50, 13, 48, 3, 46, 37, 1, 11]}
Attribute list: {0: [20, 6, 18, 16, 56, 51, 25, 8, 55, 17, 14, 26, 29, 34, 44, 41, 42, 12, 0, 32, 33, 40, 21, 47, 39, 13, 3, 37, 11], 1: [22, 52, 15, 24, 4, 10, 5, 23, 7, 2, 19, 36, 27, 45, 9, 35, 28, 30, 38, 31, 54, 43, 49, 53, 50, 48, 46, 1]}
Attribute list: {0: [20, 52, 16, 4, 25, 23, 17, 19, 29, 45, 41, 28, 0, 31, 40, 49, 39, 48, 37], 1: [22, 18, 24, 51, 5, 55, 2, 26, 27, 44, 35, 12, 38, 33, 43, 47, 50, 3, 1], 2: [6, 15, 56, 10, 8, 7, 14, 36, 34, 9, 42, 30, 32, 54, 21, 53, 13, 46, 11]}
Attribute list: {0: [20, 18, 56, 25, 55, 14, 29, 44, 42, 0, 33, 21, 39, 3, 11], 1: [22, 15, 4, 5, 7, 19, 27, 9, 28, 38, 54, 49, 50, 46], 2: [6, 16, 51, 8, 17, 26, 34, 41, 12, 32, 40, 47, 13, 37], 3: [52, 24, 10, 23, 2, 36, 45, 35, 30, 31, 43, 53, 48, 1]}
Attribute list: {0: [20, 15, 51, 23, 14, 27, 41, 30, 33, 49, 13, 1], 1: [22, 16, 10, 55, 19, 34, 35, 0, 54, 47, 48, 11], 2: [6, 24, 25, 7, 26, 45, 42, 38, 40, 53, 3], 3: [52, 56, 5, 17, 36, 44, 28, 32, 43, 39, 46], 4: [18, 4, 8, 2, 29, 9, 12, 31, 21, 50, 37]}
Attribute list: {0: [20, 16, 25, 17, 29, 41, 0, 40, 39, 37], 1: [22, 24, 5, 2, 27, 35, 38, 43, 50, 1], 2: [6, 56, 8, 14, 34, 42, 32, 21, 13, 11], 3: [52, 4, 23, 19, 45, 28, 31, 49, 48], 4: [18, 51, 55, 26, 44, 12, 33, 47, 3], 5: [15, 10, 7, 36, 9, 30, 54, 53, 46]}
Attribute list: {0: [20, 24, 8, 19, 44, 30, 40, 50, 11], 1: [22, 56, 23, 26, 9, 0, 43, 13], 2: [6, 4, 55, 36, 41, 38, 21, 48], 3: [52, 51, 7, 29, 35, 32, 49, 3], 4: [18, 10, 17, 27, 42, 31, 47, 46], 5: [15, 25, 2, 34, 28, 33, 53, 37], 6: [16, 5, 14, 45, 12, 54, 39, 1]}
Attribute list: {0: [20, 56, 55, 29, 42, 33, 39, 11], 1: [22, 4, 7, 27, 28, 54, 50], 2: [6, 51, 17, 34, 12, 40, 13], 3: [52, 10, 2, 45, 30, 43, 48], 4: [18, 25, 14, 44, 0, 21, 3], 5: [15, 5, 19, 9, 38, 49, 46], 6: [16, 8, 26, 41, 32, 47, 37], 7: [24, 23, 36, 35, 31, 53, 1]}
Attribute list: {0: [20, 4, 17, 45, 0, 49, 37], 1: [22, 51, 2, 44, 38, 47, 1], 2: [6, 10, 14, 9, 32, 53, 11], 3: [52, 25, 19, 41, 31, 39], 4: [18, 5, 26, 35, 33, 50], 5: [15, 8, 36, 42, 54, 13], 6: [16, 23, 29, 28, 40, 48], 7: [24, 55, 27, 12, 43, 3], 8: [56, 7, 34, 30, 21, 46]}
Attribute list: {0: [20, 51, 14, 41, 33, 13], 1: [22, 10, 19, 35, 54, 48], 2: [6, 25, 26, 42, 40, 3], 3: [52, 5, 36, 28, 43, 46], 4: [18, 8, 29, 12, 21, 37], 5: [15, 23, 27, 30, 49, 1], 6: [16, 55, 34, 0, 47, 11], 7: [24, 7, 45, 38, 53], 8: [56, 17, 44, 32, 39], 9: [4, 2, 9, 31, 50]}
Attribute list: {0: [20, 10, 26, 28, 21, 1], 1: [22, 25, 36, 12, 49, 11], 2: [6, 5, 29, 30, 47], 3: [52, 8, 27, 0, 53], 4: [18, 23, 34, 38, 39], 5: [15, 55, 45, 32, 50], 6: [16, 7, 44, 31, 13], 7: [24, 17, 9, 33, 48], 8: [56, 2, 41, 54, 3], 9: [4, 14, 35, 40, 46], 10: [51, 19, 42, 43, 37]}
Attribute list: {0: [20, 25, 29, 0, 39], 1: [22, 5, 27, 38, 50], 2: [6, 8, 34, 32, 13], 3: [52, 23, 45, 31, 48], 4: [18, 55, 44, 33, 3], 5: [15, 7, 9, 54, 46], 6: [16, 17, 41, 40, 37], 7: [24, 2, 35, 43, 1], 8: [56, 14, 42, 21, 11], 9: [4, 19, 28, 49], 10: [51, 26, 12, 47], 11: [10, 36, 30, 53]}
Attribute list: {0: [20, 5, 34, 31, 3], 1: [22, 8, 45, 33, 46], 2: [6, 23, 44, 54, 37], 3: [52, 55, 9, 40, 1], 4: [18, 7, 41, 43, 11], 5: [15, 17, 35, 21], 6: [16, 2, 42, 49], 7: [24, 14, 28, 47], 8: [56, 19, 12, 53], 9: [4, 26, 30, 39], 10: [51, 36, 0, 50], 11: [10, 29, 38, 13], 12: [25, 27, 32, 48]}
Attribute list: {0: [20, 8, 44, 40, 11], 1: [22, 23, 9, 43], 2: [6, 55, 41, 21], 3: [52, 7, 35, 49], 4: [18, 17, 42, 47], 5: [15, 2, 28, 53], 6: [16, 14, 12, 39], 7: [24, 19, 30, 50], 8: [56, 26, 0, 13], 9: [4, 36, 38, 48], 10: [51, 29, 32, 3], 11: [10, 27, 31, 46], 12: [25, 34, 33, 37], 13: [5, 45, 54, 1]}
Attribute list: {0: [20, 23, 41, 49], 1: [22, 55, 35, 47], 2: [6, 7, 42, 53], 3: [52, 17, 28, 39], 4: [18, 2, 12, 50], 5: [15, 14, 30, 13], 6: [16, 19, 0, 48], 7: [24, 26, 38, 3], 8: [56, 36, 32, 46], 9: [4, 29, 31, 37], 10: [51, 27, 33, 1], 11: [10, 34, 54, 11], 12: [25, 45, 40], 13: [5, 44, 43], 14: [8, 9, 21]}
Attribute list: {0: [20, 55, 42, 39], 1: [22, 7, 28, 50], 2: [6, 17, 12, 13], 3: [52, 2, 30, 48], 4: [18, 14, 0, 3], 5: [15, 19, 38, 46], 6: [16, 26, 32, 37], 7: [24, 36, 31, 1], 8: [56, 29, 33, 11], 9: [4, 27, 54], 10: [51, 34, 40], 11: [10, 45, 43], 12: [25, 44, 21], 13: [5, 9, 49], 14: [8, 41, 47], 15: [23, 35, 53]}
Attribute list: {0: [20, 7, 12, 48], 1: [22, 17, 30, 3], 2: [6, 2, 0, 46], 3: [52, 14, 38, 37], 4: [18, 19, 32, 1], 5: [15, 26, 31, 11], 6: [16, 36, 33], 7: [24, 29, 54], 8: [56, 27, 40], 9: [4, 34, 43], 10: [51, 45, 21], 11: [10, 44, 49], 12: [25, 9, 47], 13: [5, 41, 53], 14: [8, 35, 39], 15: [23, 42, 50], 16: [55, 28, 13]}
Attribute list: {0: [20, 17, 0, 37], 1: [22, 2, 38, 1], 2: [6, 14, 32, 11], 3: [52, 19, 31], 4: [18, 26, 33], 5: [15, 36, 54], 6: [16, 29, 40], 7: [24, 27, 43], 8: [56, 34, 21], 9: [4, 45, 49], 10: [51, 44, 47], 11: [10, 9, 53], 12: [25, 41, 39], 13: [5, 35, 50], 14: [8, 42, 13], 15: [23, 28, 48], 16: [55, 12, 3], 17: [7, 30, 46]}
Attribute list: {0: [20, 2, 32], 1: [22, 14, 31], 2: [6, 19, 33], 3: [52, 26, 54], 4: [18, 36, 40], 5: [15, 29, 43], 6: [16, 27, 21], 7: [24, 34, 49], 8: [56, 45, 47], 9: [4, 44, 53], 10: [51, 9, 39], 11: [10, 41, 50], 12: [25, 35, 13], 13: [5, 42, 48], 14: [8, 28, 3], 15: [23, 12, 46], 16: [55, 30, 37], 17: [7, 0, 1], 18: [17, 38, 11]}
Attribute list: {0: [20, 14, 33], 1: [22, 19, 54], 2: [6, 26, 40], 3: [52, 36, 43], 4: [18, 29, 21], 5: [15, 27, 49], 6: [16, 34, 47], 7: [24, 45, 53], 8: [56, 44, 39], 9: [4, 9, 50], 10: [51, 41, 13], 11: [10, 35, 48], 12: [25, 42, 3], 13: [5, 28, 46], 14: [8, 12, 37], 15: [23, 30, 1], 16: [55, 0, 11], 17: [7, 38], 18: [17, 32], 19: [2, 31]}

All Data: 

{K,Avg,StD,Max,Min,Swing)
1,0.91480,0.00000,0.91480,0.91480,0.00000
2,0.86546,0.00152,0.86699,0.86394,0.00304
3,0.83098,0.01682,0.85242,0.81135,0.04108
4,0.80933,0.00799,0.82200,0.80156,0.02043
5,0.78600,0.02540,0.81287,0.74506,0.06781
6,0.77038,0.01737,0.80113,0.75071,0.05042
7,0.75369,0.02871,0.78874,0.71876,0.06998
8,0.74707,0.02374,0.78961,0.71419,0.07542
9,0.73322,0.02845,0.78983,0.69615,0.09368
10,0.72643,0.02936,0.77461,0.68550,0.08911
11,0.71315,0.02986,0.77266,0.67681,0.09585
12,0.71390,0.03039,0.77570,0.67094,0.10476
13,0.69801,0.04326,0.76918,0.60596,0.16323
14,0.69136,0.04138,0.77135,0.60596,0.16540
15,0.69155,0.03937,0.76636,0.60596,0.16040
16,0.68237,0.04189,0.76179,0.60596,0.15584
17,0.68178,0.03389,0.76157,0.63486,0.12671
18,0.67685,0.03938,0.77418,0.60596,0.16822
19,0.67390,0.03939,0.77027,0.60596,0.16431
20,0.67233,0.03715,0.76462,0.60878,0.15584

-Detailed Info

1,[0.91480113018908937]
2,[0.8669854379482721, 0.86394262116931098]
3,[0.85242338622038683, 0.82916757226689852, 0.81134535970441213]
4,[0.80156487720060854, 0.80352097370136921, 0.81025863942621168, 0.82199521843077594]
5,[0.80525972614648988, 0.76852858074331665, 0.81286676809389258, 0.79830471636600742, 0.74505542273418823]
6,[0.78352532058248203, 0.75613996957183216, 0.77048467724407732, 0.80113018908932843, 0.76026950662899373, 0.75070636818083025]
7,[0.78808954575092371, 0.7520104325146707, 0.77678765485763968, 0.78874157791784394, 0.7187567920017387, 0.72158226472505982, 0.72984133883938274]
8,[0.76005216257335362, 0.75461856118235171, 0.76744186046511631, 0.78961095414040428, 0.71419256683329713, 0.7391871332319061, 0.72484242555966094, 0.72658117800478161]
9,[0.7570093457943925, 0.73701369267550532, 0.75722668985003261, 0.78982829819604439, 0.70897630949793522, 0.72440773744838083, 0.72310367311454027, 0.70528146055205387, 0.69615301021517062]
10,[0.76113888285155396, 0.75048902412519014, 0.74005650945446644, 0.77461421430123889, 0.6955009780482504, 0.73331884372962397, 0.7059334927189741, 0.7263638339491415, 0.68550315148880681, 0.69137144099108894]
11,[0.75613996957183216, 0.71680069550097802, 0.73983916539882633, 0.77265811780047811, 0.69745707454901107, 0.71919148011301892, 0.69376222560312972, 0.70180395566181264, 0.68724190393392737, 0.6828950228211258, 0.67680938926320366]
12,[0.74788089545750924, 0.73071071506194307, 0.75157574440339059, 0.77570093457943923, 0.71506194305585746, 0.70636818083025432, 0.70180395566181264, 0.70615083677461421, 0.67094109976092153, 0.69506628993697017, 0.68398174309932624, 0.68159095848728535]
13,[0.74049119756574655, 0.73375353184090419, 0.76309497935231474, 0.76918061291023687, 0.69767441860465118, 0.70376005216257331, 0.6802868941534449, 0.65659639208867637, 0.68832862421212782, 0.68745924798956748, 0.6698543794827212, 0.677678765485764, 0.6059552271245382]
14,[0.73723103673114543, 0.73723103673114543, 0.74570745490110846, 0.77135405346663766, 0.6700717235383612, 0.68528580743316669, 0.69789176266029129, 0.66333405781351884, 0.66811562703760052, 0.67376657248424254, 0.66724625081504019, 0.67702673331884378, 0.6059552271245382, 0.67876548576396434]
15,[0.74222995001086722, 0.72831993044990218, 0.73940447728754621, 0.76635514018691586, 0.66529015431427951, 0.69593566615953051, 0.68745924798956748, 0.70919365355357533, 0.6881112801564877, 0.6752879808737231, 0.65290154314279503, 0.6828950228211258, 0.6059552271245382, 0.67050641164964142, 0.66333405781351884]
16,[0.74483807867854812, 0.72853727450554229, 0.73701369267550532, 0.76179091501847429, 0.66920234731580086, 0.6955009780482504, 0.68789393610084759, 0.6059552271245382, 0.65963920886763749, 0.67311454031732232, 0.65203216692023469, 0.677678765485764, 0.61682242990654201, 0.66833297109324064, 0.66050858509019783, 0.67898282981960445]
17,[0.7263638339491415, 0.73201477939578352, 0.71332319061073679, 0.76157357096283418, 0.66072592914583783, 0.71049771788741578, 0.68724190393392737, 0.63486198652466852, 0.65876983264507716, 0.6700717235383612, 0.65898717670071727, 0.67550532492936322, 0.64725059769615301, 0.66615953053683985, 0.66159530536839817, 0.67594001304064333, 0.64942403825255379]
18,[0.72071288850249948, 0.71158443816561612, 0.73505759617474464, 0.77417952618995867, 0.66789828298196041, 0.68745924798956748, 0.68985003260160838, 0.6059552271245382, 0.65963920886763749, 0.65811780047815693, 0.67028906759400131, 0.67441860465116277, 0.60921538795913932, 0.6648554662029994, 0.65594435992175615, 0.67985220604216479, 0.66376874592479895, 0.65442295153227559]
19,[0.72093023255813948, 0.72006085633557926, 0.74222995001086722, 0.77026733318843732, 0.6522495109758748, 0.68180830254292546, 0.67898282981960445, 0.6059552271245382, 0.65920452075635727, 0.66637687459247985, 0.65637904803303626, 0.67485329276244299, 0.61269289284938055, 0.6650728102586394, 0.66333405781351884, 0.67724407737448378, 0.65094544664203435, 0.65811780047815693, 0.64746794175179312]
20,[0.7187567920017387, 0.73570962834166487, 0.73005868289502285, 0.7646163877417953, 0.65333623125407525, 0.67637470115192344, 0.67594001304064333, 0.6648554662029994, 0.65290154314279503, 0.66202999347967828, 0.65659639208867637, 0.67376657248424254, 0.60878069984785921, 0.6648554662029994, 0.66181264942403828, 0.67463594870680288, 0.65333623125407525, 0.65159747880895458, 0.64681590958487289, 0.61986524668550314]

Done in: 34.61999749899951 seconds


Skipping op 1

Skipping iteration 1, continuing on to the next!

Test iteration: 2


yx: [(86.840406939738429, 35), (60.786191222407787, 31), (171.79292677335752, 19), (41.523556896649929, 43), (324.49091789024561, 24), (791.72590272438856, 20), (342.34624048070651, 15), (83.481351277868924, 28), (104.7437399830297, 34), (160.08136125973616, 26), (75.287323882797438, 30), (90.557261008173128, 9), (56.328474218338791, 54), (138.68802555204127, 29), (19.553356717257941, 53), (285.81052197088258, 51), (19.33832246435885, 50), (342.31638377382416, 16), (19.393516620468606, 39), (82.72388837507566, 12), (183.54339238209647, 14), (70.4496833043153, 38), (150.56205359831463, 36), (260.54985204436059, 8), (225.31457895101335, 23), (285.89065941753802, 4), (37.280564276263419, 49), (205.48684320006637, 7), (4.4339736464657991, 37), (4.2048613680689666, 1), (263.06050756047887, 5), (15.187494621668746, 3), (74.440205328169824, 0), (9.1987616122908307, 46), (100.36128013685433, 45), (0.27558303801782363, 11), (16.410946942014164, 48), (118.97563221702708, 27), (86.23074223161359, 42), (87.467092783558456, 41), (92.490295936271139, 44), (185.66548538944429, 2), (200.12821121458907, 17), (59.22233990987074, 33), (44.02450490724673, 40), (225.28596130779229, 55), (304.41709958163727, 56), (67.114871464822258, 32), (580.53431288035915, 22), (32.696661636308562, 47), (267.68716923521453, 10), (39.137908076137244, 21), (16.631406399135862, 13), (263.93045605389534, 25), (538.03079302132574, 52), (570.17018323817979, 6), (372.27398873673053, 18)]


----- SVM_LINEAR Op: 0 --

Attribute list: {0: [35, 31, 19, 43, 24, 20, 15, 28, 34, 26, 30, 9, 54, 29, 53, 51, 50, 16, 39, 12, 14, 38, 36, 8, 23, 4, 49, 7, 37, 1, 5, 3, 0, 46, 45, 11, 48, 27, 42, 41, 44, 2, 17, 33, 40, 55, 56, 32, 22, 47, 10, 21, 13, 25, 52, 6, 18]}
Attribute list: {0: [35, 19, 24, 15, 34, 30, 54, 53, 50, 39, 14, 36, 23, 49, 37, 5, 0, 45, 48, 42, 44, 17, 40, 56, 22, 10, 13, 52, 18], 1: [31, 43, 20, 28, 26, 9, 29, 51, 16, 12, 38, 8, 4, 7, 1, 3, 46, 11, 27, 41, 2, 33, 55, 32, 47, 21, 25, 6]}
Attribute list: {0: [35, 43, 15, 26, 54, 51, 39, 38, 23, 7, 5, 46, 48, 41, 17, 55, 22, 21, 52], 1: [31, 24, 28, 30, 29, 50, 12, 36, 4, 37, 3, 45, 27, 44, 33, 56, 47, 13, 6], 2: [19, 20, 34, 9, 53, 16, 14, 8, 49, 1, 0, 11, 42, 2, 40, 32, 10, 25, 18]}
Attribute list: {0: [35, 24, 34, 54, 50, 14, 23, 37, 0, 48, 44, 40, 22, 13, 18], 1: [31, 20, 26, 29, 16, 38, 4, 1, 46, 27, 2, 55, 47, 25], 2: [19, 15, 30, 53, 39, 36, 49, 5, 45, 42, 17, 56, 10, 52], 3: [43, 28, 9, 51, 12, 8, 7, 3, 11, 41, 33, 32, 21, 6]}
Attribute list: {0: [35, 20, 30, 51, 14, 4, 5, 11, 44, 55, 10, 6], 1: [31, 15, 9, 50, 38, 49, 3, 48, 2, 56, 21, 18], 2: [19, 28, 54, 16, 36, 7, 0, 27, 17, 32, 13], 3: [43, 34, 29, 39, 8, 37, 46, 42, 33, 22, 25], 4: [24, 26, 53, 12, 23, 1, 45, 41, 40, 47, 52]}
Attribute list: {0: [35, 15, 54, 39, 23, 5, 48, 17, 22, 52], 1: [31, 28, 29, 12, 4, 3, 27, 33, 47, 6], 2: [19, 34, 53, 14, 49, 0, 42, 40, 10, 18], 3: [43, 26, 51, 38, 7, 46, 41, 55, 21], 4: [24, 30, 50, 36, 37, 45, 44, 56, 13], 5: [20, 9, 16, 8, 1, 11, 2, 32, 25]}
Attribute list: {0: [35, 28, 53, 38, 37, 11, 17, 47, 18], 1: [31, 34, 51, 36, 1, 48, 33, 10], 2: [19, 26, 50, 8, 5, 27, 40, 21], 3: [43, 30, 16, 23, 3, 42, 55, 13], 4: [24, 9, 39, 4, 0, 41, 56, 25], 5: [20, 54, 12, 49, 46, 44, 32, 52], 6: [15, 29, 14, 7, 45, 2, 22, 6]}
Attribute list: {0: [35, 34, 50, 23, 0, 44, 22, 18], 1: [31, 26, 16, 4, 46, 2, 47], 2: [19, 30, 39, 49, 45, 17, 10], 3: [43, 9, 12, 7, 11, 33, 21], 4: [24, 54, 14, 37, 48, 40, 13], 5: [20, 29, 38, 1, 27, 55, 25], 6: [15, 53, 36, 5, 42, 56, 52], 7: [28, 51, 8, 3, 41, 32, 6]}
Attribute list: {0: [35, 26, 39, 7, 48, 55, 52], 1: [31, 30, 12, 37, 27, 56, 6], 2: [19, 9, 14, 1, 42, 32, 18], 3: [43, 54, 38, 5, 41, 22], 4: [24, 29, 36, 3, 44, 47], 5: [20, 53, 8, 0, 2, 10], 6: [15, 51, 23, 46, 17, 21], 7: [28, 50, 4, 45, 33, 13], 8: [34, 16, 49, 11, 40, 25]}
Attribute list: {0: [35, 30, 14, 5, 44, 10], 1: [31, 9, 38, 3, 2, 21], 2: [19, 54, 36, 0, 17, 13], 3: [43, 29, 8, 46, 33, 25], 4: [24, 53, 23, 45, 40, 52], 5: [20, 51, 4, 11, 55, 6], 6: [15, 50, 49, 48, 56, 18], 7: [28, 16, 7, 27, 32], 8: [34, 39, 37, 42, 22], 9: [26, 12, 1, 41, 47]}
Attribute list: {0: [35, 9, 36, 46, 40, 6], 1: [31, 54, 8, 45, 55, 18], 2: [19, 29, 23, 11, 56], 3: [43, 53, 4, 48, 32], 4: [24, 51, 49, 27, 22], 5: [20, 50, 7, 42, 47], 6: [15, 16, 37, 41, 10], 7: [28, 39, 1, 44, 21], 8: [34, 12, 5, 2, 13], 9: [26, 14, 3, 17, 25], 10: [30, 38, 0, 33, 52]}
Attribute list: {0: [35, 54, 23, 48, 22], 1: [31, 29, 4, 27, 47], 2: [19, 53, 49, 42, 10], 3: [43, 51, 7, 41, 21], 4: [24, 50, 37, 44, 13], 5: [20, 16, 1, 2, 25], 6: [15, 39, 5, 17, 52], 7: [28, 12, 3, 33, 6], 8: [34, 14, 0, 40, 18], 9: [26, 38, 46, 55], 10: [30, 36, 45, 56], 11: [9, 8, 11, 32]}
Attribute list: {0: [35, 29, 49, 41, 13], 1: [31, 53, 7, 44, 25], 2: [19, 51, 37, 2, 52], 3: [43, 50, 1, 17, 6], 4: [24, 16, 5, 33, 18], 5: [20, 39, 3, 40], 6: [15, 12, 0, 55], 7: [28, 14, 46, 56], 8: [34, 38, 45, 32], 9: [26, 36, 11, 22], 10: [30, 8, 48, 47], 11: [9, 23, 27, 10], 12: [54, 4, 42, 21]}
Attribute list: {0: [35, 53, 37, 17, 18], 1: [31, 51, 1, 33], 2: [19, 50, 5, 40], 3: [43, 16, 3, 55], 4: [24, 39, 0, 56], 5: [20, 12, 46, 32], 6: [15, 14, 45, 22], 7: [28, 38, 11, 47], 8: [34, 36, 48, 10], 9: [26, 8, 27, 21], 10: [30, 23, 42, 13], 11: [9, 4, 41, 25], 12: [54, 49, 44, 52], 13: [29, 7, 2, 6]}
Attribute list: {0: [35, 51, 5, 55], 1: [31, 50, 3, 56], 2: [19, 16, 0, 32], 3: [43, 39, 46, 22], 4: [24, 12, 45, 47], 5: [20, 14, 11, 10], 6: [15, 38, 48, 21], 7: [28, 36, 27, 13], 8: [34, 8, 42, 25], 9: [26, 23, 41, 52], 10: [30, 4, 44, 6], 11: [9, 49, 2, 18], 12: [54, 7, 17], 13: [29, 37, 33], 14: [53, 1, 40]}
Attribute list: {0: [35, 50, 0, 22], 1: [31, 16, 46, 47], 2: [19, 39, 45, 10], 3: [43, 12, 11, 21], 4: [24, 14, 48, 13], 5: [20, 38, 27, 25], 6: [15, 36, 42, 52], 7: [28, 8, 41, 6], 8: [34, 23, 44, 18], 9: [26, 4, 2], 10: [30, 49, 17], 11: [9, 7, 33], 12: [54, 37, 40], 13: [29, 1, 55], 14: [53, 5, 56], 15: [51, 3, 32]}
Attribute list: {0: [35, 16, 45, 21], 1: [31, 39, 11, 13], 2: [19, 12, 48, 25], 3: [43, 14, 27, 52], 4: [24, 38, 42, 6], 5: [20, 36, 41, 18], 6: [15, 8, 44], 7: [28, 23, 2], 8: [34, 4, 17], 9: [26, 49, 33], 10: [30, 7, 40], 11: [9, 37, 55], 12: [54, 1, 56], 13: [29, 5, 32], 14: [53, 3, 22], 15: [51, 0, 47], 16: [50, 46, 10]}
Attribute list: {0: [35, 39, 48, 52], 1: [31, 12, 27, 6], 2: [19, 14, 42, 18], 3: [43, 38, 41], 4: [24, 36, 44], 5: [20, 8, 2], 6: [15, 23, 17], 7: [28, 4, 33], 8: [34, 49, 40], 9: [26, 7, 55], 10: [30, 37, 56], 11: [9, 1, 32], 12: [54, 5, 22], 13: [29, 3, 47], 14: [53, 0, 10], 15: [51, 46, 21], 16: [50, 45, 13], 17: [16, 11, 25]}
Attribute list: {0: [35, 12, 42], 1: [31, 14, 41], 2: [19, 38, 44], 3: [43, 36, 2], 4: [24, 8, 17], 5: [20, 23, 33], 6: [15, 4, 40], 7: [28, 49, 55], 8: [34, 7, 56], 9: [26, 37, 32], 10: [30, 1, 22], 11: [9, 5, 47], 12: [54, 3, 10], 13: [29, 0, 21], 14: [53, 46, 13], 15: [51, 45, 25], 16: [50, 11, 52], 17: [16, 48, 6], 18: [39, 27, 18]}
Attribute list: {0: [35, 14, 44], 1: [31, 38, 2], 2: [19, 36, 17], 3: [43, 8, 33], 4: [24, 23, 40], 5: [20, 4, 55], 6: [15, 49, 56], 7: [28, 7, 32], 8: [34, 37, 22], 9: [26, 1, 47], 10: [30, 5, 10], 11: [9, 3, 21], 12: [54, 0, 13], 13: [29, 46, 25], 14: [53, 45, 52], 15: [51, 11, 6], 16: [50, 48, 18], 17: [16, 27], 18: [39, 42], 19: [12, 41]}

All Data: 

{K,Avg,StD,Max,Min,Swing)
1,0.91480,0.00000,0.91480,0.91480,0.00000
2,0.86807,0.00196,0.87003,0.86612,0.00391
3,0.82888,0.02396,0.85960,0.80113,0.05847
4,0.80423,0.01750,0.83047,0.78461,0.04586
5,0.78552,0.04318,0.84177,0.74788,0.09389
6,0.76780,0.03086,0.81243,0.71832,0.09411
7,0.75462,0.04232,0.81917,0.69528,0.12389
8,0.73851,0.04367,0.80222,0.67398,0.12823
9,0.72513,0.03952,0.78939,0.66725,0.12215
10,0.71815,0.05142,0.81221,0.64486,0.16735
11,0.71091,0.03919,0.75983,0.61291,0.14692
12,0.69981,0.04336,0.79005,0.63182,0.15823
13,0.69311,0.04577,0.77505,0.60596,0.16909
14,0.69918,0.04252,0.76266,0.60400,0.15866
15,0.68518,0.04793,0.78418,0.60596,0.17822
16,0.68616,0.04439,0.78657,0.61704,0.16953
17,0.68203,0.04270,0.76375,0.60443,0.15931
18,0.67267,0.04913,0.76005,0.60596,0.15410
19,0.67332,0.04448,0.75331,0.60596,0.14736
20,0.66903,0.04984,0.76092,0.60596,0.15497

-Detailed Info

1,[0.91480113018908937]
2,[0.87002825472723322, 0.86611606172571176]
3,[0.85959574005650941, 0.82590741143229729, 0.80113018908932843]
4,[0.78461204086068248, 0.80895457509237123, 0.83047163660073897, 0.7928711149750054]
5,[0.83481851771354054, 0.75353184090415126, 0.74961964790262992, 0.74788089545750924, 0.84177352749402301]
6,[0.81243207998261247, 0.74853292762442947, 0.71832210389045859, 0.75766137796131272, 0.79526189958704629, 0.77461421430123889]
7,[0.69528363399261028, 0.72027820039121926, 0.72462508150402083, 0.741795261899587, 0.78743751358400349, 0.79374049119756573, 0.81916974570745493]
8,[0.75527059334927193, 0.72788524233862206, 0.71397522277765701, 0.67398391653988265, 0.68246033470984568, 0.78200391219300147, 0.80221690936752876, 0.77026733318843732]
9,[0.78939361008476416, 0.76113888285155396, 0.7009345794392523, 0.74201260595522711, 0.66724625081504019, 0.74222995001086722, 0.75309715279287115, 0.67724407737448378, 0.69289284938056939]
10,[0.72549445772658117, 0.66094327320147794, 0.69593566615953051, 0.68528580743316669, 0.81221473592697235, 0.80134753314496854, 0.73418821995218431, 0.70680286894153443, 0.71440991088893724, 0.64485981308411211]
11,[0.72940665072810262, 0.72831993044990218, 0.71680069550097802, 0.67267985220604221, 0.74288198217778745, 0.72658117800478161, 0.74114322973266678, 0.61291023690502067, 0.68985003260160838, 0.69963051510541185, 0.75983481851771351]
12,[0.7441860465116279, 0.67963486198652467, 0.69006737665724838, 0.68354705498804613, 0.63181916974570751, 0.75657465768311238, 0.79004564225168439, 0.72788524233862206, 0.67550532492936322, 0.67246250815040209, 0.68463377526624647, 0.66137796131275806]
13,[0.61725711801782224, 0.68658987176700714, 0.775048902412519, 0.73027602695066285, 0.73983916539882633, 0.70397739621821342, 0.71440991088893724, 0.67202782003912198, 0.6059552271245382, 0.7187567920017387, 0.66311671375787873, 0.7137578787220169, 0.66941969137144097]
14,[0.67594001304064333, 0.64833731797435346, 0.68332971093240602, 0.70528146055205387, 0.72419039339274072, 0.71310584655509668, 0.75287980873723104, 0.60399913062377741, 0.68419908715496636, 0.67333188437296243, 0.6802868941534449, 0.72571180178222128, 0.76266029124103452, 0.75527059334927193]
15,[0.71267115844381657, 0.65768311236687682, 0.6881112801564877, 0.71332319061073679, 0.6931101934362095, 0.73788306889806565, 0.68354705498804613, 0.61464898935014123, 0.68180830254292546, 0.78417735274940226, 0.73505759617474464, 0.68050423820908501, 0.67963486198652467, 0.6059552271245382, 0.60965007607041943]
16,[0.71028037383177567, 0.67594001304064333, 0.69028472071288849, 0.62942838513366661, 0.6650728102586394, 0.74375135840034778, 0.78656813736144315, 0.74766355140186913, 0.71114975005433601, 0.69506628993697017, 0.65594435992175615, 0.65594435992175615, 0.61703977396218213, 0.65051075853075413, 0.69419691371440995, 0.6496413823081939]
17,[0.69267550532492939, 0.60443381873505764, 0.67463594870680288, 0.76374701151923496, 0.73723103673114543, 0.74570745490110846, 0.71267115844381657, 0.6826776787654858, 0.69180612910236905, 0.6059552271245382, 0.65637904803303626, 0.65181482286459469, 0.66137796131275806, 0.67267985220604221, 0.71636600738969791, 0.65355357530971525, 0.67072375570528142]
18,[0.76005216257335362, 0.72592914583786139, 0.68615518365572703, 0.6059552271245382, 0.65746576831123671, 0.73027602695066285, 0.73179743534014341, 0.67246250815040209, 0.6059552271245382, 0.69506628993697017, 0.65811780047815693, 0.61356226907194089, 0.73201477939578352, 0.60878069984785921, 0.67615735709628344, 0.64790262986307323, 0.60899804390349921, 0.69137144099108894]
19,[0.6266029124103456, 0.64073027602695065, 0.64594653336231256, 0.64355574875027166, 0.72006085633557926, 0.73940447728754621, 0.69202347315800916, 0.64942403825255379, 0.6931101934362095, 0.6059552271245382, 0.71332319061073679, 0.66376874592479895, 0.68246033470984568, 0.62595088024342538, 0.61138882851554011, 0.69984785916105197, 0.75331449684851115, 0.74092588567702677, 0.64529450119539233]
20,[0.64420778091719189, 0.63116713757878717, 0.67572266898500322, 0.66311671375787873, 0.72049554444685937, 0.75657465768311238, 0.71245381438817645, 0.65746576831123671, 0.7137578787220169, 0.6059552271245382, 0.70745490110845466, 0.62160399913062381, 0.62899369702238639, 0.6059552271245382, 0.76092153879591395, 0.73440556400782442, 0.63638339491414908, 0.67507063681808299, 0.6059552271245382, 0.62290806346446426]

Done in: 29.736924523000198 seconds


Skipping op 1


Test iteration: 3


yx: [(285.89065941753802, 4), (171.79292677335752, 19), (205.48684320006637, 7), (83.481351277868924, 28), (86.840406939738429, 35), (41.523556896649929, 43), (37.280564276263419, 49), (285.81052197088258, 51), (150.56205359831463, 36), (342.31638377382416, 16), (67.114871464822258, 32), (118.97563221702708, 27), (263.93045605389534, 25), (304.41709958163727, 56), (225.28596130779229, 55), (70.4496833043153, 38), (160.08136125973616, 26), (225.31457895101335, 23), (342.34624048070651, 15), (183.54339238209647, 14), (74.440205328169824, 0), (372.27398873673053, 18), (104.7437399830297, 34), (39.137908076137244, 21), (19.553356717257941, 53), (19.393516620468606, 39), (92.490295936271139, 44), (56.328474218338791, 54), (324.49091789024561, 24), (263.06050756047887, 5), (16.410946942014164, 48), (19.33832246435885, 50), (90.557261008173128, 9), (267.68716923521453, 10), (138.68802555204127, 29), (87.467092783558456, 41), (82.72388837507566, 12), (580.53431288035915, 22), (100.36128013685433, 45), (75.287323882797438, 30), (538.03079302132574, 52), (60.786191222407787, 31), (0.27558303801782363, 11), (4.2048613680689666, 1), (86.23074223161359, 42), (570.17018323817979, 6), (32.696661636308562, 47), (4.4339736464657991, 37), (59.22233990987074, 33), (185.66548538944429, 2), (9.1987616122908307, 46), (260.54985204436059, 8), (200.12821121458907, 17), (15.187494621668746, 3), (16.631406399135862, 13), (44.02450490724673, 40), (791.72590272438856, 20)]


----- SVM_LINEAR Op: 0 --

Attribute list: {0: [4, 19, 7, 28, 35, 43, 49, 51, 36, 16, 32, 27, 25, 56, 55, 38, 26, 23, 15, 14, 0, 18, 34, 21, 53, 39, 44, 54, 24, 5, 48, 50, 9, 10, 29, 41, 12, 22, 45, 30, 52, 31, 11, 1, 42, 6, 47, 37, 33, 2, 46, 8, 17, 3, 13, 40, 20]}
Attribute list: {0: [4, 7, 35, 49, 36, 32, 25, 55, 26, 15, 0, 34, 53, 44, 24, 48, 9, 29, 12, 45, 52, 11, 42, 47, 33, 46, 17, 13, 20], 1: [19, 28, 43, 51, 16, 27, 56, 38, 23, 14, 18, 21, 39, 54, 5, 50, 10, 41, 22, 30, 31, 1, 6, 37, 2, 8, 3, 40]}
Attribute list: {0: [4, 28, 49, 16, 25, 38, 15, 18, 53, 54, 48, 10, 12, 30, 11, 6, 33, 8, 13], 1: [19, 35, 51, 32, 56, 26, 14, 34, 39, 24, 50, 29, 22, 52, 1, 47, 2, 17, 40], 2: [7, 43, 36, 27, 55, 23, 0, 21, 44, 5, 9, 41, 45, 31, 42, 37, 46, 3, 20]}
Attribute list: {0: [4, 35, 36, 25, 26, 0, 53, 24, 9, 12, 52, 42, 33, 17, 20], 1: [19, 43, 16, 56, 23, 18, 39, 5, 10, 22, 31, 6, 2, 3], 2: [7, 49, 32, 55, 15, 34, 44, 48, 29, 45, 11, 47, 46, 13], 3: [28, 51, 27, 38, 14, 21, 54, 50, 41, 30, 1, 37, 8, 40]}
Attribute list: {0: [4, 43, 32, 38, 0, 39, 48, 41, 52, 6, 46, 40], 1: [19, 49, 27, 26, 18, 44, 50, 12, 31, 47, 8, 20], 2: [7, 51, 25, 23, 34, 54, 9, 22, 11, 37, 17], 3: [28, 36, 56, 15, 21, 24, 10, 45, 1, 33, 3], 4: [35, 16, 55, 14, 53, 5, 29, 30, 42, 2, 13]}
Attribute list: {0: [4, 49, 25, 15, 53, 48, 12, 11, 33, 13], 1: [19, 51, 56, 14, 39, 50, 22, 1, 2, 40], 2: [7, 36, 55, 0, 44, 9, 45, 42, 46, 20], 3: [28, 16, 38, 18, 54, 10, 30, 6, 8], 4: [35, 32, 26, 34, 24, 29, 52, 47, 17], 5: [43, 27, 23, 21, 5, 41, 31, 37, 3]}
Attribute list: {0: [4, 51, 55, 18, 24, 41, 11, 2, 20], 1: [19, 36, 38, 34, 5, 12, 1, 46], 2: [7, 16, 26, 21, 48, 22, 42, 8], 3: [28, 32, 23, 53, 50, 45, 6, 17], 4: [35, 27, 15, 39, 9, 30, 47, 3], 5: [43, 25, 14, 44, 10, 52, 37, 13], 6: [49, 56, 0, 54, 29, 31, 33, 40]}
Attribute list: {0: [4, 36, 26, 53, 9, 52, 33, 20], 1: [19, 16, 23, 39, 10, 31, 2], 2: [7, 32, 15, 44, 29, 11, 46], 3: [28, 27, 14, 54, 41, 1, 8], 4: [35, 25, 0, 24, 12, 42, 17], 5: [43, 56, 18, 5, 22, 6, 3], 6: [49, 55, 34, 48, 45, 47, 13], 7: [51, 38, 21, 50, 30, 37, 40]}
Attribute list: {0: [4, 16, 15, 54, 12, 6, 13], 1: [19, 32, 14, 24, 22, 47, 40], 2: [7, 27, 0, 5, 45, 37, 20], 3: [28, 25, 18, 48, 30, 33], 4: [35, 56, 34, 50, 52, 2], 5: [43, 55, 21, 9, 31, 46], 6: [49, 38, 53, 10, 11, 8], 7: [51, 26, 39, 29, 1, 17], 8: [36, 23, 44, 41, 42, 3]}
Attribute list: {0: [4, 32, 0, 48, 52, 46], 1: [19, 27, 18, 50, 31, 8], 2: [7, 25, 34, 9, 11, 17], 3: [28, 56, 21, 10, 1, 3], 4: [35, 55, 53, 29, 42, 13], 5: [43, 38, 39, 41, 6, 40], 6: [49, 26, 44, 12, 47, 20], 7: [51, 23, 54, 22, 37], 8: [36, 15, 24, 45, 33], 9: [16, 14, 5, 30, 2]}
Attribute list: {0: [4, 27, 34, 10, 42, 40], 1: [19, 25, 21, 29, 6, 20], 2: [7, 56, 53, 41, 47], 3: [28, 55, 39, 12, 37], 4: [35, 38, 44, 22, 33], 5: [43, 26, 54, 45, 2], 6: [49, 23, 24, 30, 46], 7: [51, 15, 5, 52, 8], 8: [36, 14, 48, 31, 17], 9: [16, 0, 50, 11, 3], 10: [32, 18, 9, 1, 13]}
Attribute list: {0: [4, 25, 53, 12, 33], 1: [19, 56, 39, 22, 2], 2: [7, 55, 44, 45, 46], 3: [28, 38, 54, 30, 8], 4: [35, 26, 24, 52, 17], 5: [43, 23, 5, 31, 3], 6: [49, 15, 48, 11, 13], 7: [51, 14, 50, 1, 40], 8: [36, 0, 9, 42, 20], 9: [16, 18, 10, 6], 10: [32, 34, 29, 47], 11: [27, 21, 41, 37]}
Attribute list: {0: [4, 56, 44, 30, 17], 1: [19, 55, 54, 52, 3], 2: [7, 38, 24, 31, 13], 3: [28, 26, 5, 11, 40], 4: [35, 23, 48, 1, 20], 5: [43, 15, 50, 42], 6: [49, 14, 9, 6], 7: [51, 0, 10, 47], 8: [36, 18, 29, 37], 9: [16, 34, 41, 33], 10: [32, 21, 12, 2], 11: [27, 53, 22, 46], 12: [25, 39, 45, 8]}
Attribute list: {0: [4, 55, 24, 11, 20], 1: [19, 38, 5, 1], 2: [7, 26, 48, 42], 3: [28, 23, 50, 6], 4: [35, 15, 9, 47], 5: [43, 14, 10, 37], 6: [49, 0, 29, 33], 7: [51, 18, 41, 2], 8: [36, 34, 12, 46], 9: [16, 21, 22, 8], 10: [32, 53, 45, 17], 11: [27, 39, 30, 3], 12: [25, 44, 52, 13], 13: [56, 54, 31, 40]}
Attribute list: {0: [4, 38, 48, 6], 1: [19, 26, 50, 47], 2: [7, 23, 9, 37], 3: [28, 15, 10, 33], 4: [35, 14, 29, 2], 5: [43, 0, 41, 46], 6: [49, 18, 12, 8], 7: [51, 34, 22, 17], 8: [36, 21, 45, 3], 9: [16, 53, 30, 13], 10: [32, 39, 52, 40], 11: [27, 44, 31, 20], 12: [25, 54, 11], 13: [56, 24, 1], 14: [55, 5, 42]}
Attribute list: {0: [4, 26, 9, 33], 1: [19, 23, 10, 2], 2: [7, 15, 29, 46], 3: [28, 14, 41, 8], 4: [35, 0, 12, 17], 5: [43, 18, 22, 3], 6: [49, 34, 45, 13], 7: [51, 21, 30, 40], 8: [36, 53, 52, 20], 9: [16, 39, 31], 10: [32, 44, 11], 11: [27, 54, 1], 12: [25, 24, 42], 13: [56, 5, 6], 14: [55, 48, 47], 15: [38, 50, 37]}
Attribute list: {0: [4, 23, 29, 8], 1: [19, 15, 41, 17], 2: [7, 14, 12, 3], 3: [28, 0, 22, 13], 4: [35, 18, 45, 40], 5: [43, 34, 30, 20], 6: [49, 21, 52], 7: [51, 53, 31], 8: [36, 39, 11], 9: [16, 44, 1], 10: [32, 54, 42], 11: [27, 24, 6], 12: [25, 5, 47], 13: [56, 48, 37], 14: [55, 50, 33], 15: [38, 9, 2], 16: [26, 10, 46]}
Attribute list: {0: [4, 15, 12, 13], 1: [19, 14, 22, 40], 2: [7, 0, 45, 20], 3: [28, 18, 30], 4: [35, 34, 52], 5: [43, 21, 31], 6: [49, 53, 11], 7: [51, 39, 1], 8: [36, 44, 42], 9: [16, 54, 6], 10: [32, 24, 47], 11: [27, 5, 37], 12: [25, 48, 33], 13: [56, 50, 2], 14: [55, 9, 46], 15: [38, 10, 8], 16: [26, 29, 17], 17: [23, 41, 3]}
Attribute list: {0: [4, 14, 45], 1: [19, 0, 30], 2: [7, 18, 52], 3: [28, 34, 31], 4: [35, 21, 11], 5: [43, 53, 1], 6: [49, 39, 42], 7: [51, 44, 6], 8: [36, 54, 47], 9: [16, 24, 37], 10: [32, 5, 33], 11: [27, 48, 2], 12: [25, 50, 46], 13: [56, 9, 8], 14: [55, 10, 17], 15: [38, 29, 3], 16: [26, 41, 13], 17: [23, 12, 40], 18: [15, 22, 20]}
Attribute list: {0: [4, 0, 52], 1: [19, 18, 31], 2: [7, 34, 11], 3: [28, 21, 1], 4: [35, 53, 42], 5: [43, 39, 6], 6: [49, 44, 47], 7: [51, 54, 37], 8: [36, 24, 33], 9: [16, 5, 2], 10: [32, 48, 46], 11: [27, 50, 8], 12: [25, 9, 17], 13: [56, 10, 3], 14: [55, 29, 13], 15: [38, 41, 40], 16: [26, 12, 20], 17: [23, 22], 18: [15, 45], 19: [14, 30]}

All Data: 

{K,Avg,StD,Max,Min,Swing)
1,0.91480,0.00000,0.91480,0.91480,0.00000
2,0.87046,0.01348,0.88394,0.85699,0.02695
3,0.82352,0.00831,0.83460,0.81461,0.02000
4,0.79494,0.04778,0.84177,0.72636,0.11541
5,0.79239,0.02236,0.82591,0.75679,0.06912
6,0.77240,0.02889,0.81547,0.73158,0.08389
7,0.74996,0.04847,0.82417,0.68268,0.14149
8,0.72609,0.05473,0.81026,0.66442,0.14584
9,0.72648,0.04203,0.78635,0.66355,0.12280
10,0.72623,0.03085,0.76701,0.66964,0.09737
11,0.70763,0.04518,0.80113,0.65464,0.14649
12,0.69943,0.05635,0.80656,0.60596,0.20061
13,0.70338,0.03347,0.77440,0.64899,0.12541
14,0.69421,0.05454,0.78874,0.61161,0.17714
15,0.68808,0.04495,0.76005,0.61682,0.14323
16,0.67157,0.05426,0.78135,0.60596,0.17540
17,0.68140,0.04151,0.75853,0.60596,0.15258
18,0.67029,0.05084,0.76136,0.60596,0.15540
19,0.66162,0.05543,0.77766,0.60596,0.17170
20,0.66457,0.04835,0.76483,0.60596,0.15888

-Detailed Info

1,[0.91480113018908937]
2,[0.88393827428819827, 0.85698761138882851]
3,[0.82134318626385572, 0.83460117365790043, 0.81460552053901325]
4,[0.84177352749402301, 0.83742664638122144, 0.77417952618995867, 0.7263638339491415]
5,[0.82590741143229729, 0.78504672897196259, 0.79482721147576618, 0.79939143664420775, 0.7567920017387525]
6,[0.74635948706802868, 0.76266029124103452, 0.78048250380352102, 0.79787002825472719, 0.81547489676157359, 0.73158009128450341]
7,[0.82416865898717673, 0.71201912627689634, 0.77026733318843732, 0.77048467724407732, 0.69984785916105197, 0.7902629863073245, 0.6826776787654858]
8,[0.81025863942621168, 0.74592479895674857, 0.72549445772658117, 0.67963486198652467, 0.70528146055205387, 0.80873723103673112, 0.66898500326016086, 0.66442077809171918]
9,[0.78635079330580304, 0.75722668985003261, 0.76352966746359485, 0.67224516409476198, 0.77091936535535754, 0.66355140186915884, 0.70223864377309275, 0.71658335144533802, 0.7057161486633341]
10,[0.76700717235383609, 0.69767441860465118, 0.71571397522277769, 0.69680504238209084, 0.66963703542708108, 0.7263638339491415, 0.75461856118235171, 0.75396652901543137, 0.76135622690719407, 0.71919148011301892]
11,[0.71810475983481847, 0.78135188002608125, 0.69745707454901107, 0.66659421864811996, 0.71658335144533802, 0.69289284938056939, 0.7185394479460987, 0.80113018908932843, 0.66268202564659862, 0.67398391653988265, 0.6546402955879157]
12,[0.70115192349489242, 0.73810041295370576, 0.6905020647685286, 0.66855031514888064, 0.80656379048033033, 0.71832210389045859, 0.67463594870680288, 0.67246250815040209, 0.73049337100630296, 0.77265811780047811, 0.6059552271245382, 0.613779613127581]
13,[0.72810258639426206, 0.77439687024559878, 0.7033253640512932, 0.68072158226472501, 0.7365790045642252, 0.67724407737448378, 0.73788306889806565, 0.70745490110845466, 0.66268202564659862, 0.68572049554444681, 0.64898935014127368, 0.71549663116713758, 0.68528580743316669]
14,[0.78874157791784394, 0.68658987176700714, 0.67246250815040209, 0.75527059334927193, 0.68832862421212782, 0.69245816126928927, 0.62551619213214515, 0.708324277331015, 0.63312323407954796, 0.7544012171267116, 0.65942186481199738, 0.61160617257118022, 0.77896109541404046, 0.66376874592479895]
15,[0.73005868289502285, 0.64985872636383391, 0.70376005216257331, 0.71484459900021735, 0.66094327320147794, 0.6266029124103456, 0.68485111932188658, 0.74722886329058902, 0.61682242990654201, 0.67420126059552277, 0.76005216257335362, 0.73310149967398397, 0.61703977396218213, 0.71201912627689634, 0.68985003260160838]
16,[0.69289284938056939, 0.71332319061073679, 0.70788958921973488, 0.67354922842860243, 0.67028906759400131, 0.70897630949793522, 0.61312758096066078, 0.65550967181047604, 0.78135188002608125, 0.67181047598348187, 0.6059552271245382, 0.61812649424038257, 0.6059552271245382, 0.77222342968919799, 0.64811997391871334, 0.6059552271245382]
17,[0.73440556400782442, 0.72332101717018038, 0.6700717235383612, 0.70984568572049556, 0.67507063681808299, 0.71919148011301892, 0.75853075418387306, 0.65072810258639424, 0.6059552271245382, 0.67311454031732232, 0.61812649424038257, 0.73549228428602476, 0.677896109541404, 0.65768311236687682, 0.6470332536405129, 0.65029341447511413, 0.67702673331884378]
18,[0.70897630949793522, 0.74049119756574655, 0.73614431645294498, 0.64942403825255379, 0.76135622690719407, 0.61291023690502067, 0.61117148445989999, 0.64138230819387088, 0.6059552271245382, 0.74549011084546835, 0.6059552271245382, 0.66398608998043906, 0.6059552271245382, 0.67028906759400131, 0.65203216692023469, 0.70006520321669208, 0.67615735709628344, 0.67746142143012389]
19,[0.67833079765268423, 0.64159965224951099, 0.76157357096283418, 0.6059552271245382, 0.61291023690502067, 0.61030210823733966, 0.6059552271245382, 0.74483807867854812, 0.61769180612910235, 0.71897413605737881, 0.66594218648119974, 0.63355792219082807, 0.6059552271245382, 0.67463594870680288, 0.7057161486633341, 0.60878069984785921, 0.62008259074114325, 0.6802868941534449, 0.77765703108020001]
20,[0.7648337317974353, 0.6674635948706803, 0.65572701586611604, 0.61291023690502067, 0.61204086068246033, 0.71984351227993915, 0.6059552271245382, 0.64790262986307323, 0.6059552271245382, 0.70115192349489242, 0.6059552271245382, 0.66159530536839817, 0.68528580743316669, 0.6955009780482504, 0.65203216692023469, 0.6059552271245382, 0.74005650945446644, 0.73310149967398397, 0.67876548576396434, 0.6394262116931102]

Done in: 31.6898746579991 seconds


Skipping op 1

Skipping iteration 4, continuing on to the next!
Skipping iteration 5, continuing on to the next!

------ END OF datasets/spambase.csv ------ 


--------------- Starting analysis for file: datasets/sonar.csv

Num features in file: 60

Test iteration: 0


yx: [(47.495832891267334, 10), (37.457509867824996, 11), (29.004286223934226, 48), (27.131260832344232, 9), (26.820036143689123, 44), (25.060951511765239, 47), (23.738692580521128, 8), (22.343560773466479, 12), (21.221950014031304, 45), (20.627895452004829, 46), (19.375252452219481, 50), (18.723807770923319, 51), (16.691837637692977, 43), (16.418425265404043, 0), (16.088633219445097, 35), (13.80826421232066, 3), (12.899798461446565, 20), (11.94144902386841, 42), (11.63727560003535, 1), (11.26143337184258, 34), (10.894077790548797, 19), (10.702293250687559, 4), (9.4144445587586834, 36), (8.7055278173069262, 21), (7.9012538219324338, 2), (7.6574471658477838, 7), (7.2342552838960437, 57), (7.11257192540626, 53), (6.9156472474260431, 49), (6.2808820791417572, 33), (5.224910143195002, 13), (4.3711677882158924, 41), (4.231420011304678, 52), (4.011310978689985, 18), (3.6714008560031184, 5), (3.5871685409709042, 58), (3.5048006308276456, 55), (3.3993865956313498, 22), (2.748641795524712, 6), (2.557063543141135, 30), (2.3941324061753768, 32), (1.9016178382689761, 54), (1.6843218646657103, 59), (1.4112086152231189, 27), (1.1355422489024072, 23), (0.67900754543481845, 14), (0.66935575266385705, 38), (0.6313189694570045, 31), (0.62497057145213408, 26), (0.33890044492505467, 37), (0.27690487173242995, 28), (0.26624549821393168, 39), (0.16236329075071981, 25), (0.1320034242756046, 24), (0.090384948803259577, 40), (0.043991491426464371, 17), (0.027631553823741061, 15), (0.0036667242253096239, 29), (0.0032452480365705032, 16), (0.00017916195633817323, 56)]


----- SVM_LINEAR Op: 0 --

Attribute list: {0: [10, 11, 48, 9, 44, 47, 8, 12, 45, 46, 50, 51, 43, 0, 35, 3, 20, 42, 1, 34, 19, 4, 36, 21, 2, 7, 57, 53, 49, 33, 13, 41, 52, 18, 5, 58, 55, 22, 6, 30, 32, 54, 59, 27, 23, 14, 38, 31, 26, 37, 28, 39, 25, 24, 40, 17, 15, 29, 16, 56]}
Attribute list: {0: [10, 48, 44, 8, 45, 50, 43, 35, 20, 1, 19, 36, 2, 57, 49, 13, 52, 5, 55, 6, 32, 59, 23, 38, 26, 28, 25, 40, 15, 16], 1: [11, 9, 47, 12, 46, 51, 0, 3, 42, 34, 4, 21, 7, 53, 33, 41, 18, 58, 22, 30, 54, 27, 14, 31, 37, 39, 24, 17, 29, 56]}
Attribute list: {0: [10, 9, 8, 46, 43, 3, 1, 4, 2, 53, 13, 18, 55, 30, 59, 14, 26, 39, 40, 29], 1: [11, 44, 12, 50, 0, 20, 34, 36, 7, 49, 41, 5, 22, 32, 27, 38, 37, 25, 17, 16], 2: [48, 47, 45, 51, 35, 42, 19, 21, 57, 33, 52, 58, 6, 54, 23, 31, 28, 24, 15, 56]}
Attribute list: {0: [10, 44, 45, 43, 20, 19, 2, 49, 52, 55, 32, 23, 26, 25, 15], 1: [11, 47, 46, 0, 42, 4, 7, 33, 18, 22, 54, 14, 37, 24, 29], 2: [48, 8, 50, 35, 1, 36, 57, 13, 5, 6, 59, 38, 28, 40, 16], 3: [9, 12, 51, 3, 34, 21, 53, 41, 58, 30, 27, 31, 39, 17, 56]}
Attribute list: {0: [10, 47, 50, 3, 19, 7, 13, 58, 32, 14, 28, 17], 1: [11, 8, 51, 20, 4, 57, 41, 55, 54, 38, 39, 15], 2: [48, 12, 43, 42, 36, 53, 52, 22, 59, 31, 25, 29], 3: [9, 45, 0, 1, 21, 49, 18, 6, 27, 26, 24, 16], 4: [44, 46, 35, 34, 2, 33, 5, 30, 23, 37, 40, 56]}
Attribute list: {0: [10, 8, 43, 1, 2, 13, 55, 59, 26, 40], 1: [11, 12, 0, 34, 7, 41, 22, 27, 37, 17], 2: [48, 45, 35, 19, 57, 52, 6, 23, 28, 15], 3: [9, 46, 3, 4, 53, 18, 30, 14, 39, 29], 4: [44, 50, 20, 36, 49, 5, 32, 38, 25, 16], 5: [47, 51, 42, 21, 33, 58, 54, 31, 24, 56]}
Attribute list: {0: [10, 12, 35, 4, 49, 58, 59, 37, 15], 1: [11, 45, 3, 36, 33, 55, 27, 28, 29], 2: [48, 46, 20, 21, 13, 22, 23, 39, 16], 3: [9, 50, 42, 2, 41, 6, 14, 25, 56], 4: [44, 51, 1, 7, 52, 30, 38, 24], 5: [47, 43, 34, 57, 18, 32, 31, 40], 6: [8, 0, 19, 53, 5, 54, 26, 17]}
Attribute list: {0: [10, 45, 20, 2, 52, 32, 26, 15], 1: [11, 46, 42, 7, 18, 54, 37, 29], 2: [48, 50, 1, 57, 5, 59, 28, 16], 3: [9, 51, 34, 53, 58, 27, 39, 56], 4: [44, 43, 19, 49, 55, 23, 25], 5: [47, 0, 4, 33, 22, 14, 24], 6: [8, 35, 36, 13, 6, 38, 40], 7: [12, 3, 21, 41, 30, 31, 17]}
Attribute list: {0: [10, 46, 1, 53, 55, 14, 40], 1: [11, 50, 34, 49, 22, 38, 17], 2: [48, 51, 19, 33, 6, 31, 15], 3: [9, 43, 4, 13, 30, 26, 29], 4: [44, 0, 36, 41, 32, 37, 16], 5: [47, 35, 21, 52, 54, 28, 56], 6: [8, 3, 2, 18, 59, 39], 7: [12, 20, 7, 5, 27, 25], 8: [45, 42, 57, 58, 23, 24]}
Attribute list: {0: [10, 50, 19, 13, 32, 28], 1: [11, 51, 4, 41, 54, 39], 2: [48, 43, 36, 52, 59, 25], 3: [9, 0, 21, 18, 27, 24], 4: [44, 35, 2, 5, 23, 40], 5: [47, 3, 7, 58, 14, 17], 6: [8, 20, 57, 55, 38, 15], 7: [12, 42, 53, 22, 31, 29], 8: [45, 1, 49, 6, 26, 16], 9: [46, 34, 33, 30, 37, 56]}
Attribute list: {0: [10, 51, 36, 18, 23, 17], 1: [11, 43, 21, 5, 14, 15], 2: [48, 0, 2, 58, 38, 29], 3: [9, 35, 7, 55, 31, 16], 4: [44, 3, 57, 22, 26, 56], 5: [47, 20, 53, 6, 37], 6: [8, 42, 49, 30, 28], 7: [12, 1, 33, 32, 39], 8: [45, 34, 13, 54, 25], 9: [46, 19, 41, 59, 24], 10: [50, 4, 52, 27, 40]}
Attribute list: {0: [10, 43, 2, 55, 26], 1: [11, 0, 7, 22, 37], 2: [48, 35, 57, 6, 28], 3: [9, 3, 53, 30, 39], 4: [44, 20, 49, 32, 25], 5: [47, 42, 33, 54, 24], 6: [8, 1, 13, 59, 40], 7: [12, 34, 41, 27, 17], 8: [45, 19, 52, 23, 15], 9: [46, 4, 18, 14, 29], 10: [50, 36, 5, 38, 16], 11: [51, 21, 58, 31, 56]}
Attribute list: {0: [10, 0, 57, 30, 25], 1: [11, 35, 53, 32, 24], 2: [48, 3, 49, 54, 40], 3: [9, 20, 33, 59, 17], 4: [44, 42, 13, 27, 15], 5: [47, 1, 41, 23, 29], 6: [8, 34, 52, 14, 16], 7: [12, 19, 18, 38, 56], 8: [45, 4, 5, 31], 9: [46, 36, 58, 26], 10: [50, 21, 55, 37], 11: [51, 2, 22, 28], 12: [43, 7, 6, 39]}
Attribute list: {0: [10, 35, 49, 59, 15], 1: [11, 3, 33, 27, 29], 2: [48, 20, 13, 23, 16], 3: [9, 42, 41, 14, 56], 4: [44, 1, 52, 38], 5: [47, 34, 18, 31], 6: [8, 19, 5, 26], 7: [12, 4, 58, 37], 8: [45, 36, 55, 28], 9: [46, 21, 22, 39], 10: [50, 2, 6, 25], 11: [51, 7, 30, 24], 12: [43, 57, 32, 40], 13: [0, 53, 54, 17]}
Attribute list: {0: [10, 3, 13, 14], 1: [11, 20, 41, 38], 2: [48, 42, 52, 31], 3: [9, 1, 18, 26], 4: [44, 34, 5, 37], 5: [47, 19, 58, 28], 6: [8, 4, 55, 39], 7: [12, 36, 22, 25], 8: [45, 21, 6, 24], 9: [46, 2, 30, 40], 10: [50, 7, 32, 17], 11: [51, 57, 54, 15], 12: [43, 53, 59, 29], 13: [0, 49, 27, 16], 14: [35, 33, 23, 56]}
Attribute list: {0: [10, 20, 52, 26], 1: [11, 42, 18, 37], 2: [48, 1, 5, 28], 3: [9, 34, 58, 39], 4: [44, 19, 55, 25], 5: [47, 4, 22, 24], 6: [8, 36, 6, 40], 7: [12, 21, 30, 17], 8: [45, 2, 32, 15], 9: [46, 7, 54, 29], 10: [50, 57, 59, 16], 11: [51, 53, 27, 56], 12: [43, 49, 23], 13: [0, 33, 14], 14: [35, 13, 38], 15: [3, 41, 31]}
Attribute list: {0: [10, 42, 5, 39], 1: [11, 1, 58, 25], 2: [48, 34, 55, 24], 3: [9, 19, 22, 40], 4: [44, 4, 6, 17], 5: [47, 36, 30, 15], 6: [8, 21, 32, 29], 7: [12, 2, 54, 16], 8: [45, 7, 59, 56], 9: [46, 57, 27], 10: [50, 53, 23], 11: [51, 49, 14], 12: [43, 33, 38], 13: [0, 13, 31], 14: [35, 41, 26], 15: [3, 52, 37], 16: [20, 18, 28]}
Attribute list: {0: [10, 1, 55, 40], 1: [11, 34, 22, 17], 2: [48, 19, 6, 15], 3: [9, 4, 30, 29], 4: [44, 36, 32, 16], 5: [47, 21, 54, 56], 6: [8, 2, 59], 7: [12, 7, 27], 8: [45, 57, 23], 9: [46, 53, 14], 10: [50, 49, 38], 11: [51, 33, 31], 12: [43, 13, 26], 13: [0, 41, 37], 14: [35, 52, 28], 15: [3, 18, 39], 16: [20, 5, 25], 17: [42, 58, 24]}
Attribute list: {0: [10, 34, 6, 29], 1: [11, 19, 30, 16], 2: [48, 4, 32, 56], 3: [9, 36, 54], 4: [44, 21, 59], 5: [47, 2, 27], 6: [8, 7, 23], 7: [12, 57, 14], 8: [45, 53, 38], 9: [46, 49, 31], 10: [50, 33, 26], 11: [51, 13, 37], 12: [43, 41, 28], 13: [0, 52, 39], 14: [35, 18, 25], 15: [3, 5, 24], 16: [20, 58, 40], 17: [42, 55, 17], 18: [1, 22, 15]}
Attribute list: {0: [10, 19, 32], 1: [11, 4, 54], 2: [48, 36, 59], 3: [9, 21, 27], 4: [44, 2, 23], 5: [47, 7, 14], 6: [8, 57, 38], 7: [12, 53, 31], 8: [45, 49, 26], 9: [46, 33, 37], 10: [50, 13, 28], 11: [51, 41, 39], 12: [43, 52, 25], 13: [0, 18, 24], 14: [35, 5, 40], 15: [3, 58, 17], 16: [20, 55, 15], 17: [42, 22, 29], 18: [1, 6, 16], 19: [34, 30, 56]}

All Data: 

{K,Avg,StD,Max,Min,Swing)
1,0.91827,0.00000,0.91827,0.91827,0.00000
2,0.84856,0.00240,0.85096,0.84615,0.00481
3,0.80128,0.00227,0.80288,0.79808,0.00481
4,0.78365,0.01799,0.80288,0.75481,0.04808
5,0.78462,0.02049,0.81731,0.76442,0.05288
6,0.74439,0.02639,0.78846,0.71154,0.07692
7,0.72115,0.03768,0.76923,0.66346,0.10577
8,0.72776,0.03565,0.78846,0.65865,0.12981
9,0.72009,0.03203,0.76923,0.67308,0.09615
10,0.71250,0.04061,0.76442,0.64423,0.12019
11,0.72159,0.03698,0.78846,0.68269,0.10577
12,0.69431,0.01761,0.72115,0.66346,0.05769
13,0.69379,0.02862,0.74519,0.64904,0.09615
14,0.68441,0.04186,0.76923,0.60577,0.16346
15,0.68333,0.03198,0.75481,0.62500,0.12981
16,0.68960,0.03166,0.73558,0.64423,0.09135
17,0.66572,0.04130,0.74038,0.57692,0.16346
18,0.66960,0.03448,0.71154,0.61058,0.10096
19,0.66169,0.04092,0.74519,0.58173,0.16346
20,0.66514,0.04015,0.74519,0.59135,0.15385

-Detailed Info

1,[0.91826923076923073]
2,[0.84615384615384615, 0.85096153846153844]
3,[0.79807692307692313, 0.80288461538461542, 0.80288461538461542]
4,[0.80288461538461542, 0.75480769230769229, 0.79326923076923073, 0.78365384615384615]
5,[0.81730769230769229, 0.79807692307692313, 0.76442307692307687, 0.76442307692307687, 0.77884615384615385]
6,[0.73076923076923073, 0.74038461538461542, 0.76923076923076927, 0.78846153846153844, 0.71153846153846156, 0.72596153846153844]
7,[0.76923076923076927, 0.75961538461538458, 0.71153846153846156, 0.75, 0.67788461538461542, 0.71634615384615385, 0.66346153846153844]
8,[0.78846153846153844, 0.75, 0.69711538461538458, 0.74038461538461542, 0.65865384615384615, 0.73557692307692313, 0.73076923076923073, 0.72115384615384615]
9,[0.76923076923076927, 0.74519230769230771, 0.73557692307692313, 0.73076923076923073, 0.72596153846153844, 0.74038461538461542, 0.68269230769230771, 0.67788461538461542, 0.67307692307692313]
10,[0.76442307692307687, 0.75, 0.73557692307692313, 0.71634615384615385, 0.76442307692307687, 0.71634615384615385, 0.66346153846153844, 0.66826923076923073, 0.70192307692307687, 0.64423076923076927]
11,[0.78846153846153844, 0.77403846153846156, 0.70192307692307687, 0.74519230769230771, 0.75961538461538458, 0.69230769230769229, 0.72115384615384615, 0.68269230769230771, 0.6875, 0.70192307692307687, 0.68269230769230771]
12,[0.72115384615384615, 0.70192307692307687, 0.68269230769230771, 0.70192307692307687, 0.66826923076923073, 0.70673076923076927, 0.70192307692307687, 0.67307692307692313, 0.69230769230769229, 0.70673076923076927, 0.71153846153846156, 0.66346153846153844]
13,[0.73076923076923073, 0.71153846153846156, 0.74519230769230771, 0.68269230769230771, 0.69230769230769229, 0.72596153846153844, 0.71153846153846156, 0.64903846153846156, 0.6875, 0.69230769230769229, 0.65865384615384615, 0.66346153846153844, 0.66826923076923073]
14,[0.76923076923076927, 0.74038461538461542, 0.69711538461538458, 0.67788461538461542, 0.65384615384615385, 0.71634615384615385, 0.66346153846153844, 0.64903846153846156, 0.70673076923076927, 0.71634615384615385, 0.67307692307692313, 0.63461538461538458, 0.67788461538461542, 0.60576923076923073]
15,[0.75480769230769229, 0.69230769230769229, 0.69711538461538458, 0.70673076923076927, 0.69230769230769229, 0.69230769230769229, 0.69711538461538458, 0.68269230769230771, 0.69711538461538458, 0.70673076923076927, 0.66826923076923073, 0.63942307692307687, 0.625, 0.63461538461538458, 0.66346153846153844]
16,[0.73557692307692313, 0.73557692307692313, 0.70192307692307687, 0.72115384615384615, 0.69230769230769229, 0.71634615384615385, 0.73076923076923073, 0.69711538461538458, 0.69711538461538458, 0.64903846153846156, 0.67788461538461542, 0.67307692307692313, 0.64423076923076927, 0.65384615384615385, 0.66346153846153844, 0.64423076923076927]
17,[0.73557692307692313, 0.74038461538461542, 0.69711538461538458, 0.69230769230769229, 0.66346153846153844, 0.69230769230769229, 0.67307692307692313, 0.66346153846153844, 0.66346153846153844, 0.63461538461538458, 0.68269230769230771, 0.64423076923076927, 0.65865384615384615, 0.57692307692307687, 0.67788461538461542, 0.62019230769230771, 0.60096153846153844]
18,[0.71153846153846156, 0.71153846153846156, 0.70673076923076927, 0.71153846153846156, 0.6875, 0.67788461538461542, 0.70192307692307687, 0.70192307692307687, 0.68269230769230771, 0.66826923076923073, 0.67307692307692313, 0.61057692307692313, 0.61057692307692313, 0.65384615384615385, 0.64423076923076927, 0.62980769230769229, 0.64423076923076927, 0.625]
19,[0.74519230769230771, 0.68269230769230771, 0.70192307692307687, 0.72596153846153844, 0.65865384615384615, 0.70192307692307687, 0.69230769230769229, 0.67307692307692313, 0.64423076923076927, 0.66826923076923073, 0.63942307692307687, 0.62980769230769229, 0.59615384615384615, 0.58173076923076927, 0.66826923076923073, 0.62980769230769229, 0.67307692307692313, 0.63942307692307687, 0.62019230769230771]
20,[0.74038461538461542, 0.74519230769230771, 0.68269230769230771, 0.70192307692307687, 0.6875, 0.69230769230769229, 0.72115384615384615, 0.67307692307692313, 0.65384615384615385, 0.64423076923076927, 0.64423076923076927, 0.64903846153846156, 0.63942307692307687, 0.64903846153846156, 0.67307692307692313, 0.59134615384615385, 0.63461538461538458, 0.63942307692307687, 0.63942307692307687, 0.60096153846153844]

Done in: 1.6781276470010198 seconds


Skipping op 1

Skipping iteration 1, continuing on to the next!

Test iteration: 2


yx: [(11.63727560003535, 1), (0.027631553823741061, 15), (9.4144445587586834, 36), (0.62497057145213408, 26), (4.3711677882158924, 41), (3.5871685409709042, 58), (10.702293250687559, 4), (27.131260832344232, 9), (0.66935575266385705, 38), (16.418425265404043, 0), (4.011310978689985, 18), (3.6714008560031184, 5), (16.088633219445097, 35), (2.748641795524712, 6), (1.4112086152231189, 27), (10.894077790548797, 19), (18.723807770923319, 51), (1.6843218646657103, 59), (16.691837637692977, 43), (3.3993865956313498, 22), (0.6313189694570045, 31), (2.3941324061753768, 32), (8.7055278173069262, 21), (0.043991491426464371, 17), (20.627895452004829, 46), (4.231420011304678, 52), (19.375252452219481, 50), (2.557063543141135, 30), (1.9016178382689761, 54), (7.6574471658477838, 7), (0.090384948803259577, 40), (1.1355422489024072, 23), (6.9156472474260431, 49), (23.738692580521128, 8), (0.16236329075071981, 25), (26.820036143689123, 44), (13.80826421232066, 3), (3.5048006308276456, 55), (21.221950014031304, 45), (0.26624549821393168, 39), (22.343560773466479, 12), (12.899798461446565, 20), (11.26143337184258, 34), (0.00017916195633817323, 56), (25.060951511765239, 47), (0.0032452480365705032, 16), (0.67900754543481845, 14), (37.457509867824996, 11), (0.1320034242756046, 24), (7.2342552838960437, 57), (6.2808820791417572, 33), (0.27690487173242995, 28), (47.495832891267334, 10), (0.0036667242253096239, 29), (5.224910143195002, 13), (11.94144902386841, 42), (0.33890044492505467, 37), (7.9012538219324338, 2), (29.004286223934226, 48), (7.11257192540626, 53)]


----- SVM_LINEAR Op: 0 --

Attribute list: {0: [1, 15, 36, 26, 41, 58, 4, 9, 38, 0, 18, 5, 35, 6, 27, 19, 51, 59, 43, 22, 31, 32, 21, 17, 46, 52, 50, 30, 54, 7, 40, 23, 49, 8, 25, 44, 3, 55, 45, 39, 12, 20, 34, 56, 47, 16, 14, 11, 24, 57, 33, 28, 10, 29, 13, 42, 37, 2, 48, 53]}
Attribute list: {0: [1, 36, 41, 4, 38, 18, 35, 27, 51, 43, 31, 21, 46, 50, 54, 40, 49, 25, 3, 45, 12, 34, 47, 14, 24, 33, 10, 13, 37, 48], 1: [15, 26, 58, 9, 0, 5, 6, 19, 59, 22, 32, 17, 52, 30, 7, 23, 8, 44, 55, 39, 20, 56, 16, 11, 57, 28, 29, 42, 2, 53]}
Attribute list: {0: [1, 26, 4, 0, 35, 19, 43, 32, 46, 30, 40, 8, 3, 39, 34, 16, 24, 28, 13, 2], 1: [15, 41, 9, 18, 6, 51, 22, 21, 52, 54, 23, 25, 55, 12, 56, 14, 57, 10, 42, 48], 2: [36, 58, 38, 5, 27, 59, 31, 17, 50, 7, 49, 44, 45, 20, 47, 11, 33, 29, 37, 53]}
Attribute list: {0: [1, 41, 38, 35, 51, 31, 46, 54, 49, 3, 12, 47, 24, 10, 37], 1: [15, 58, 0, 6, 59, 32, 52, 7, 8, 55, 20, 16, 57, 29, 2], 2: [36, 4, 18, 27, 43, 21, 50, 40, 25, 45, 34, 14, 33, 13, 48], 3: [26, 9, 5, 19, 22, 17, 30, 23, 44, 39, 56, 11, 28, 42, 53]}
Attribute list: {0: [1, 58, 18, 19, 31, 52, 40, 44, 12, 16, 33, 42], 1: [15, 4, 5, 51, 32, 50, 23, 3, 20, 14, 28, 37], 2: [36, 9, 35, 59, 21, 30, 49, 55, 34, 11, 10, 2], 3: [26, 38, 6, 43, 17, 54, 8, 45, 56, 24, 29, 48], 4: [41, 0, 27, 22, 46, 7, 25, 39, 47, 57, 13, 53]}
Attribute list: {0: [1, 4, 35, 43, 46, 40, 3, 34, 24, 13], 1: [15, 9, 6, 22, 52, 23, 55, 56, 57, 42], 2: [36, 38, 27, 31, 50, 49, 45, 47, 33, 37], 3: [26, 0, 19, 32, 30, 8, 39, 16, 28, 2], 4: [41, 18, 51, 21, 54, 25, 12, 14, 10, 48], 5: [58, 5, 59, 17, 7, 44, 20, 11, 29, 53]}
Attribute list: {0: [1, 9, 27, 32, 54, 44, 34, 57, 37], 1: [15, 38, 19, 21, 7, 3, 56, 33, 2], 2: [36, 0, 51, 17, 40, 55, 47, 28, 48], 3: [26, 18, 59, 46, 23, 45, 16, 10, 53], 4: [41, 5, 43, 52, 49, 39, 14, 29], 5: [58, 35, 22, 50, 8, 12, 11, 13], 6: [4, 6, 31, 30, 25, 20, 24, 42]}
Attribute list: {0: [1, 38, 51, 46, 49, 12, 24, 37], 1: [15, 0, 59, 52, 8, 20, 57, 2], 2: [36, 18, 43, 50, 25, 34, 33, 48], 3: [26, 5, 22, 30, 44, 56, 28, 53], 4: [41, 35, 31, 54, 3, 47, 10], 5: [58, 6, 32, 7, 55, 16, 29], 6: [4, 27, 21, 40, 45, 14, 13], 7: [9, 19, 17, 23, 39, 11, 42]}
Attribute list: {0: [1, 0, 43, 30, 3, 16, 13], 1: [15, 18, 22, 54, 55, 14, 42], 2: [36, 5, 31, 7, 45, 11, 37], 3: [26, 35, 32, 40, 39, 24, 2], 4: [41, 6, 21, 23, 12, 57, 48], 5: [58, 27, 17, 49, 20, 33, 53], 6: [4, 19, 46, 8, 34, 28], 7: [9, 51, 52, 25, 56, 10], 8: [38, 59, 50, 44, 47, 29]}
Attribute list: {0: [1, 18, 31, 40, 12, 33], 1: [15, 5, 32, 23, 20, 28], 2: [36, 35, 21, 49, 34, 10], 3: [26, 6, 17, 8, 56, 29], 4: [41, 27, 46, 25, 47, 13], 5: [58, 19, 52, 44, 16, 42], 6: [4, 51, 50, 3, 14, 37], 7: [9, 59, 30, 55, 11, 2], 8: [38, 43, 54, 45, 24, 48], 9: [0, 22, 7, 39, 57, 53]}
Attribute list: {0: [1, 5, 21, 8, 47, 42], 1: [15, 35, 17, 25, 16, 37], 2: [36, 6, 46, 44, 14, 2], 3: [26, 27, 52, 3, 11, 48], 4: [41, 19, 50, 55, 24, 53], 5: [58, 51, 30, 45, 57], 6: [4, 59, 54, 39, 33], 7: [9, 43, 7, 12, 28], 8: [38, 22, 40, 20, 10], 9: [0, 31, 23, 34, 29], 10: [18, 32, 49, 56, 13]}
Attribute list: {0: [1, 35, 46, 3, 24], 1: [15, 6, 52, 55, 57], 2: [36, 27, 50, 45, 33], 3: [26, 19, 30, 39, 28], 4: [41, 51, 54, 12, 10], 5: [58, 59, 7, 20, 29], 6: [4, 43, 40, 34, 13], 7: [9, 22, 23, 56, 42], 8: [38, 31, 49, 47, 37], 9: [0, 32, 8, 16, 2], 10: [18, 21, 25, 14, 48], 11: [5, 17, 44, 11, 53]}
Attribute list: {0: [1, 6, 50, 39, 10], 1: [15, 27, 30, 12, 29], 2: [36, 19, 54, 20, 13], 3: [26, 51, 7, 34, 42], 4: [41, 59, 40, 56, 37], 5: [58, 43, 23, 47, 2], 6: [4, 22, 49, 16, 48], 7: [9, 31, 8, 14, 53], 8: [38, 32, 25, 11], 9: [0, 21, 44, 24], 10: [18, 17, 3, 57], 11: [5, 46, 55, 33], 12: [35, 52, 45, 28]}
Attribute list: {0: [1, 27, 54, 34, 37], 1: [15, 19, 7, 56, 2], 2: [36, 51, 40, 47, 48], 3: [26, 59, 23, 16, 53], 4: [41, 43, 49, 14], 5: [58, 22, 8, 11], 6: [4, 31, 25, 24], 7: [9, 32, 44, 57], 8: [38, 21, 3, 33], 9: [0, 17, 55, 28], 10: [18, 46, 45, 10], 11: [5, 52, 39, 29], 12: [35, 50, 12, 13], 13: [6, 30, 20, 42]}
Attribute list: {0: [1, 19, 40, 16], 1: [15, 51, 23, 14], 2: [36, 59, 49, 11], 3: [26, 43, 8, 24], 4: [41, 22, 25, 57], 5: [58, 31, 44, 33], 6: [4, 32, 3, 28], 7: [9, 21, 55, 10], 8: [38, 17, 45, 29], 9: [0, 46, 39, 13], 10: [18, 52, 12, 42], 11: [5, 50, 20, 37], 12: [35, 30, 34, 2], 13: [6, 54, 56, 48], 14: [27, 7, 47, 53]}
Attribute list: {0: [1, 51, 49, 24], 1: [15, 59, 8, 57], 2: [36, 43, 25, 33], 3: [26, 22, 44, 28], 4: [41, 31, 3, 10], 5: [58, 32, 55, 29], 6: [4, 21, 45, 13], 7: [9, 17, 39, 42], 8: [38, 46, 12, 37], 9: [0, 52, 20, 2], 10: [18, 50, 34, 48], 11: [5, 30, 56, 53], 12: [35, 54, 47], 13: [6, 7, 16], 14: [27, 40, 14], 15: [19, 23, 11]}
Attribute list: {0: [1, 59, 25, 28], 1: [15, 43, 44, 10], 2: [36, 22, 3, 29], 3: [26, 31, 55, 13], 4: [41, 32, 45, 42], 5: [58, 21, 39, 37], 6: [4, 17, 12, 2], 7: [9, 46, 20, 48], 8: [38, 52, 34, 53], 9: [0, 50, 56], 10: [18, 30, 47], 11: [5, 54, 16], 12: [35, 7, 14], 13: [6, 40, 11], 14: [27, 23, 24], 15: [19, 49, 57], 16: [51, 8, 33]}
Attribute list: {0: [1, 43, 3, 13], 1: [15, 22, 55, 42], 2: [36, 31, 45, 37], 3: [26, 32, 39, 2], 4: [41, 21, 12, 48], 5: [58, 17, 20, 53], 6: [4, 46, 34], 7: [9, 52, 56], 8: [38, 50, 47], 9: [0, 30, 16], 10: [18, 54, 14], 11: [5, 7, 11], 12: [35, 40, 24], 13: [6, 23, 57], 14: [27, 49, 33], 15: [19, 8, 28], 16: [51, 25, 10], 17: [59, 44, 29]}
Attribute list: {0: [1, 22, 45, 2], 1: [15, 31, 39, 48], 2: [36, 32, 12, 53], 3: [26, 21, 20], 4: [41, 17, 34], 5: [58, 46, 56], 6: [4, 52, 47], 7: [9, 50, 16], 8: [38, 30, 14], 9: [0, 54, 11], 10: [18, 7, 24], 11: [5, 40, 57], 12: [35, 23, 33], 13: [6, 49, 28], 14: [27, 8, 10], 15: [19, 25, 29], 16: [51, 44, 13], 17: [59, 3, 42], 18: [43, 55, 37]}
Attribute list: {0: [1, 31, 12], 1: [15, 32, 20], 2: [36, 21, 34], 3: [26, 17, 56], 4: [41, 46, 47], 5: [58, 52, 16], 6: [4, 50, 14], 7: [9, 30, 11], 8: [38, 54, 24], 9: [0, 7, 57], 10: [18, 40, 33], 11: [5, 23, 28], 12: [35, 49, 10], 13: [6, 8, 29], 14: [27, 25, 13], 15: [19, 44, 42], 16: [51, 3, 37], 17: [59, 55, 2], 18: [43, 45, 48], 19: [22, 39, 53]}

All Data: 

{K,Avg,StD,Max,Min,Swing)
1,0.91827,0.00000,0.91827,0.91827,0.00000
2,0.82212,0.01442,0.83654,0.80769,0.02885
3,0.80128,0.00227,0.80288,0.79808,0.00481
4,0.76322,0.02213,0.78365,0.73077,0.05288
5,0.73558,0.01720,0.76442,0.71154,0.05288
6,0.74519,0.03651,0.79327,0.68750,0.10577
7,0.73695,0.03595,0.78846,0.69231,0.09615
8,0.72055,0.04215,0.77885,0.63462,0.14423
9,0.70673,0.04850,0.78365,0.64904,0.13462
10,0.68654,0.03273,0.75000,0.62019,0.12981
11,0.68575,0.05682,0.76923,0.58654,0.18269
12,0.69191,0.05567,0.75000,0.57212,0.17788
13,0.70081,0.04268,0.76442,0.57692,0.18750
14,0.66415,0.05393,0.74519,0.56731,0.17788
15,0.67660,0.03552,0.74519,0.60577,0.13942
16,0.66887,0.04627,0.72596,0.57212,0.15385
17,0.66374,0.04729,0.73558,0.57692,0.15865
18,0.66186,0.05185,0.76442,0.56250,0.20192
19,0.65410,0.05184,0.74038,0.52404,0.21635
20,0.63293,0.06636,0.75481,0.53365,0.22115

-Detailed Info

1,[0.91826923076923073]
2,[0.83653846153846156, 0.80769230769230771]
3,[0.80288461538461542, 0.80288461538461542, 0.79807692307692313]
4,[0.78365384615384615, 0.73076923076923073, 0.75480769230769229, 0.78365384615384615]
5,[0.73076923076923073, 0.71153846153846156, 0.76442307692307687, 0.73076923076923073, 0.74038461538461542]
6,[0.78365384615384615, 0.75, 0.71634615384615385, 0.6875, 0.79326923076923073, 0.74038461538461542]
7,[0.74519230769230771, 0.70192307692307687, 0.74038461538461542, 0.78365384615384615, 0.69230769230769229, 0.78846153846153844, 0.70673076923076927]
8,[0.69711538461538458, 0.70192307692307687, 0.74519230769230771, 0.72115384615384615, 0.77884615384615385, 0.63461538461538458, 0.72115384615384615, 0.76442307692307687]
9,[0.67307692307692313, 0.69711538461538458, 0.77403846153846156, 0.64903846153846156, 0.72596153846153844, 0.66346153846153844, 0.74038461538461542, 0.78365384615384615, 0.65384615384615385]
10,[0.67788461538461542, 0.62019230769230771, 0.75, 0.67307692307692313, 0.6875, 0.70192307692307687, 0.71634615384615385, 0.69711538461538458, 0.68269230769230771, 0.65865384615384615]
11,[0.74519230769230771, 0.64903846153846156, 0.73557692307692313, 0.76923076923076927, 0.65384615384615385, 0.66346153846153844, 0.58653846153846156, 0.69230769230769229, 0.75480769230769229, 0.67788461538461542, 0.61538461538461542]
12,[0.75, 0.57211538461538458, 0.69711538461538458, 0.58653846153846156, 0.75, 0.66826923076923073, 0.69230769230769229, 0.73557692307692313, 0.69230769230769229, 0.71153846153846156, 0.71634615384615385, 0.73076923076923073]
13,[0.76442307692307687, 0.70673076923076927, 0.6875, 0.71153846153846156, 0.57692307692307687, 0.72115384615384615, 0.71634615384615385, 0.69711538461538458, 0.74519230769230771, 0.70192307692307687, 0.66826923076923073, 0.69711538461538458, 0.71634615384615385]
14,[0.6875, 0.67307692307692313, 0.74038461538461542, 0.56730769230769229, 0.62019230769230771, 0.70673076923076927, 0.61057692307692313, 0.70192307692307687, 0.66346153846153844, 0.62980769230769229, 0.74519230769230771, 0.57692307692307687, 0.70192307692307687, 0.67307692307692313]
15,[0.67788461538461542, 0.60576923076923073, 0.74519230769230771, 0.69711538461538458, 0.62019230769230771, 0.69230769230769229, 0.66346153846153844, 0.73557692307692313, 0.66346153846153844, 0.68269230769230771, 0.67307692307692313, 0.64903846153846156, 0.67307692307692313, 0.70192307692307687, 0.66826923076923073]
16,[0.65865384615384615, 0.67307692307692313, 0.66826923076923073, 0.66346153846153844, 0.71634615384615385, 0.60096153846153844, 0.67788461538461542, 0.72115384615384615, 0.70673076923076927, 0.67307692307692313, 0.72115384615384615, 0.59615384615384615, 0.69711538461538458, 0.62980769230769229, 0.57211538461538458, 0.72596153846153844]
17,[0.62980769230769229, 0.72596153846153844, 0.65384615384615385, 0.61538461538461542, 0.67307692307692313, 0.59615384615384615, 0.69711538461538458, 0.72115384615384615, 0.64423076923076927, 0.67788461538461542, 0.70673076923076927, 0.60096153846153844, 0.67788461538461542, 0.73557692307692313, 0.57692307692307687, 0.64423076923076927, 0.70673076923076927]
18,[0.65865384615384615, 0.65865384615384615, 0.69711538461538458, 0.65865384615384615, 0.74519230769230771, 0.64423076923076927, 0.6875, 0.6875, 0.70192307692307687, 0.60096153846153844, 0.5625, 0.71153846153846156, 0.65384615384615385, 0.58173076923076927, 0.62019230769230771, 0.66346153846153844, 0.76442307692307687, 0.61538461538461542]
19,[0.6875, 0.67307692307692313, 0.71153846153846156, 0.63461538461538458, 0.64903846153846156, 0.62980769230769229, 0.69230769230769229, 0.71153846153846156, 0.52403846153846156, 0.72596153846153844, 0.625, 0.60576923076923073, 0.64903846153846156, 0.625, 0.74038461538461542, 0.58173076923076927, 0.67307692307692313, 0.62019230769230771, 0.66826923076923073]
20,[0.67307692307692313, 0.61538461538461542, 0.65865384615384615, 0.53846153846153844, 0.67788461538461542, 0.53365384615384615, 0.67788461538461542, 0.73076923076923073, 0.54807692307692313, 0.62019230769230771, 0.61057692307692313, 0.5625, 0.75480769230769229, 0.69230769230769229, 0.65384615384615385, 0.68269230769230771, 0.67307692307692313, 0.53846153846153844, 0.66826923076923073, 0.54807692307692313]

Done in: 1.7848841630002426 seconds


Skipping op 1


Test iteration: 3


yx: [(2.557063543141135, 30), (0.043991491426464371, 17), (0.67900754543481845, 14), (27.131260832344232, 9), (12.899798461446565, 20), (7.11257192540626, 53), (0.027631553823741061, 15), (19.375252452219481, 50), (2.3941324061753768, 32), (22.343560773466479, 12), (0.16236329075071981, 25), (6.2808820791417572, 33), (0.0032452480365705032, 16), (37.457509867824996, 11), (16.691837637692977, 43), (4.3711677882158924, 41), (9.4144445587586834, 36), (8.7055278173069262, 21), (1.6843218646657103, 59), (7.9012538219324338, 2), (4.011310978689985, 18), (25.060951511765239, 47), (3.5048006308276456, 55), (3.6714008560031184, 5), (3.5871685409709042, 58), (0.26624549821393168, 39), (10.702293250687559, 4), (18.723807770923319, 51), (1.1355422489024072, 23), (2.748641795524712, 6), (5.224910143195002, 13), (0.0036667242253096239, 29), (10.894077790548797, 19), (26.820036143689123, 44), (11.26143337184258, 34), (13.80826421232066, 3), (1.4112086152231189, 27), (16.418425265404043, 0), (11.94144902386841, 42), (0.6313189694570045, 31), (11.63727560003535, 1), (20.627895452004829, 46), (16.088633219445097, 35), (0.1320034242756046, 24), (0.33890044492505467, 37), (3.3993865956313498, 22), (0.090384948803259577, 40), (23.738692580521128, 8), (1.9016178382689761, 54), (0.00017916195633817323, 56), (0.27690487173242995, 28), (0.66935575266385705, 38), (47.495832891267334, 10), (7.6574471658477838, 7), (4.231420011304678, 52), (29.004286223934226, 48), (7.2342552838960437, 57), (0.62497057145213408, 26), (21.221950014031304, 45), (6.9156472474260431, 49)]


----- SVM_LINEAR Op: 0 --

Attribute list: {0: [30, 17, 14, 9, 20, 53, 15, 50, 32, 12, 25, 33, 16, 11, 43, 41, 36, 21, 59, 2, 18, 47, 55, 5, 58, 39, 4, 51, 23, 6, 13, 29, 19, 44, 34, 3, 27, 0, 42, 31, 1, 46, 35, 24, 37, 22, 40, 8, 54, 56, 28, 38, 10, 7, 52, 48, 57, 26, 45, 49]}
Attribute list: {0: [30, 14, 20, 15, 32, 25, 16, 43, 36, 59, 18, 55, 58, 4, 23, 13, 19, 34, 27, 42, 1, 35, 37, 40, 54, 28, 10, 52, 57, 45], 1: [17, 9, 53, 50, 12, 33, 11, 41, 21, 2, 47, 5, 39, 51, 6, 29, 44, 3, 0, 31, 46, 24, 22, 8, 56, 38, 7, 48, 26, 49]}
Attribute list: {0: [30, 9, 15, 12, 16, 41, 59, 47, 58, 51, 13, 44, 27, 31, 35, 22, 54, 38, 52, 26], 1: [17, 20, 50, 25, 11, 36, 2, 55, 39, 23, 29, 34, 0, 1, 24, 40, 56, 10, 48, 45], 2: [14, 53, 32, 33, 43, 21, 18, 5, 4, 6, 19, 3, 42, 46, 37, 8, 28, 7, 57, 49]}
Attribute list: {0: [30, 20, 32, 16, 36, 18, 58, 23, 19, 27, 1, 37, 54, 10, 57], 1: [17, 53, 12, 11, 21, 47, 39, 6, 44, 0, 46, 22, 56, 7, 26], 2: [14, 15, 25, 43, 59, 55, 4, 13, 34, 42, 35, 40, 28, 52, 45], 3: [9, 50, 33, 41, 2, 5, 51, 29, 3, 31, 24, 8, 38, 48, 49]}
Attribute list: {0: [30, 53, 25, 41, 18, 39, 13, 3, 1, 22, 28, 48], 1: [17, 15, 33, 36, 47, 4, 29, 27, 46, 40, 38, 57], 2: [14, 50, 16, 21, 55, 51, 19, 0, 35, 8, 10, 26], 3: [9, 32, 11, 59, 5, 23, 44, 42, 24, 54, 7, 45], 4: [20, 12, 43, 2, 58, 6, 34, 31, 37, 56, 52, 49]}
Attribute list: {0: [30, 15, 16, 59, 58, 13, 27, 35, 54, 52], 1: [17, 50, 11, 2, 39, 29, 0, 24, 56, 48], 2: [14, 32, 43, 18, 4, 19, 42, 37, 28, 57], 3: [9, 12, 41, 47, 51, 44, 31, 22, 38, 26], 4: [20, 25, 36, 55, 23, 34, 1, 40, 10, 45], 5: [53, 33, 21, 5, 6, 3, 46, 8, 7, 49]}
Attribute list: {0: [30, 50, 43, 47, 23, 3, 35, 56, 57], 1: [17, 32, 41, 55, 6, 27, 24, 28, 26], 2: [14, 12, 36, 5, 13, 0, 37, 38, 45], 3: [9, 25, 21, 58, 29, 42, 22, 10, 49], 4: [20, 33, 59, 39, 19, 31, 40, 7], 5: [53, 16, 2, 4, 44, 1, 8, 52], 6: [15, 11, 18, 51, 34, 46, 54, 48]}
Attribute list: {0: [30, 32, 36, 58, 19, 1, 54, 57], 1: [17, 12, 21, 39, 44, 46, 56, 26], 2: [14, 25, 59, 4, 34, 35, 28, 45], 3: [9, 33, 2, 51, 3, 24, 38, 49], 4: [20, 16, 18, 23, 27, 37, 10], 5: [53, 11, 47, 6, 0, 22, 7], 6: [15, 43, 55, 13, 42, 40, 52], 7: [50, 41, 5, 29, 31, 8, 48]}
Attribute list: {0: [30, 12, 59, 51, 27, 22, 52], 1: [17, 25, 2, 23, 0, 40, 48], 2: [14, 33, 18, 6, 42, 8, 57], 3: [9, 16, 47, 13, 31, 54, 26], 4: [20, 11, 55, 29, 1, 56, 45], 5: [53, 43, 5, 19, 46, 28, 49], 6: [15, 41, 58, 44, 35, 38], 7: [50, 36, 39, 34, 24, 10], 8: [32, 21, 4, 3, 37, 7]}
Attribute list: {0: [30, 25, 18, 13, 1, 28], 1: [17, 33, 47, 29, 46, 38], 2: [14, 16, 55, 19, 35, 10], 3: [9, 11, 5, 44, 24, 7], 4: [20, 43, 58, 34, 37, 52], 5: [53, 41, 39, 3, 22, 48], 6: [15, 36, 4, 27, 40, 57], 7: [50, 21, 51, 0, 8, 26], 8: [32, 59, 23, 42, 54, 45], 9: [12, 2, 6, 31, 56, 49]}
Attribute list: {0: [30, 33, 55, 44, 37, 48], 1: [17, 16, 5, 34, 22, 57], 2: [14, 11, 58, 3, 40, 26], 3: [9, 43, 39, 27, 8, 45], 4: [20, 41, 4, 0, 54, 49], 5: [53, 36, 51, 42, 56], 6: [15, 21, 23, 31, 28], 7: [50, 59, 6, 1, 38], 8: [32, 2, 13, 46, 10], 9: [12, 18, 29, 35, 7], 10: [25, 47, 19, 24, 52]}
Attribute list: {0: [30, 16, 58, 27, 54], 1: [17, 11, 39, 0, 56], 2: [14, 43, 4, 42, 28], 3: [9, 41, 51, 31, 38], 4: [20, 36, 23, 1, 10], 5: [53, 21, 6, 46, 7], 6: [15, 59, 13, 35, 52], 7: [50, 2, 29, 24, 48], 8: [32, 18, 19, 37, 57], 9: [12, 47, 44, 22, 26], 10: [25, 55, 34, 40, 45], 11: [33, 5, 3, 8, 49]}
Attribute list: {0: [30, 11, 4, 31, 10], 1: [17, 43, 51, 1, 7], 2: [14, 41, 23, 46, 52], 3: [9, 36, 6, 35, 48], 4: [20, 21, 13, 24, 57], 5: [53, 59, 29, 37, 26], 6: [15, 2, 19, 22, 45], 7: [50, 18, 44, 40, 49], 8: [32, 47, 34, 8], 9: [12, 55, 3, 54], 10: [25, 5, 27, 56], 11: [33, 58, 0, 28], 12: [16, 39, 42, 38]}
Attribute list: {0: [30, 43, 23, 35, 57], 1: [17, 41, 6, 24, 26], 2: [14, 36, 13, 37, 45], 3: [9, 21, 29, 22, 49], 4: [20, 59, 19, 40], 5: [53, 2, 44, 8], 6: [15, 18, 34, 54], 7: [50, 47, 3, 56], 8: [32, 55, 27, 28], 9: [12, 5, 0, 38], 10: [25, 58, 42, 10], 11: [33, 39, 31, 7], 12: [16, 4, 1, 52], 13: [11, 51, 46, 48]}
Attribute list: {0: [30, 41, 13, 22], 1: [17, 36, 29, 40], 2: [14, 21, 19, 8], 3: [9, 59, 44, 54], 4: [20, 2, 34, 56], 5: [53, 18, 3, 28], 6: [15, 47, 27, 38], 7: [50, 55, 0, 10], 8: [32, 5, 42, 7], 9: [12, 58, 31, 52], 10: [25, 39, 1, 48], 11: [33, 4, 46, 57], 12: [16, 51, 35, 26], 13: [11, 23, 24, 45], 14: [43, 6, 37, 49]}
Attribute list: {0: [30, 36, 19, 54], 1: [17, 21, 44, 56], 2: [14, 59, 34, 28], 3: [9, 2, 3, 38], 4: [20, 18, 27, 10], 5: [53, 47, 0, 7], 6: [15, 55, 42, 52], 7: [50, 5, 31, 48], 8: [32, 58, 1, 57], 9: [12, 39, 46, 26], 10: [25, 4, 35, 45], 11: [33, 51, 24, 49], 12: [16, 23, 37], 13: [11, 6, 22], 14: [43, 13, 40], 15: [41, 29, 8]}
Attribute list: {0: [30, 21, 34, 38], 1: [17, 59, 3, 10], 2: [14, 2, 27, 7], 3: [9, 18, 0, 52], 4: [20, 47, 42, 48], 5: [53, 55, 31, 57], 6: [15, 5, 1, 26], 7: [50, 58, 46, 45], 8: [32, 39, 35, 49], 9: [12, 4, 24], 10: [25, 51, 37], 11: [33, 23, 22], 12: [16, 6, 40], 13: [11, 13, 8], 14: [43, 29, 54], 15: [41, 19, 56], 16: [36, 44, 28]}
Attribute list: {0: [30, 59, 27, 52], 1: [17, 2, 0, 48], 2: [14, 18, 42, 57], 3: [9, 47, 31, 26], 4: [20, 55, 1, 45], 5: [53, 5, 46, 49], 6: [15, 58, 35], 7: [50, 39, 24], 8: [32, 4, 37], 9: [12, 51, 22], 10: [25, 23, 40], 11: [33, 6, 8], 12: [16, 13, 54], 13: [11, 29, 56], 14: [43, 19, 28], 15: [41, 44, 38], 16: [36, 34, 10], 17: [21, 3, 7]}
Attribute list: {0: [30, 2, 42, 26], 1: [17, 18, 31, 45], 2: [14, 47, 1, 49], 3: [9, 55, 46], 4: [20, 5, 35], 5: [53, 58, 24], 6: [15, 39, 37], 7: [50, 4, 22], 8: [32, 51, 40], 9: [12, 23, 8], 10: [25, 6, 54], 11: [33, 13, 56], 12: [16, 29, 28], 13: [11, 19, 38], 14: [43, 44, 10], 15: [41, 34, 7], 16: [36, 3, 52], 17: [21, 27, 48], 18: [59, 0, 57]}
Attribute list: {0: [30, 18, 1], 1: [17, 47, 46], 2: [14, 55, 35], 3: [9, 5, 24], 4: [20, 58, 37], 5: [53, 39, 22], 6: [15, 4, 40], 7: [50, 51, 8], 8: [32, 23, 54], 9: [12, 6, 56], 10: [25, 13, 28], 11: [33, 29, 38], 12: [16, 19, 10], 13: [11, 44, 7], 14: [43, 34, 52], 15: [41, 3, 48], 16: [36, 27, 57], 17: [21, 0, 26], 18: [59, 42, 45], 19: [2, 31, 49]}

All Data: 

{K,Avg,StD,Max,Min,Swing)
1,0.91827,0.00000,0.91827,0.91827,0.00000
2,0.85577,0.00962,0.86538,0.84615,0.01923
3,0.79167,0.02162,0.81731,0.76442,0.05288
4,0.78606,0.01877,0.80288,0.75481,0.04808
5,0.76923,0.03359,0.82212,0.73077,0.09135
6,0.75641,0.03452,0.80288,0.69231,0.11058
7,0.71635,0.05347,0.77404,0.63942,0.13462
8,0.73017,0.03007,0.76442,0.67308,0.09135
9,0.71741,0.03709,0.78365,0.65385,0.12981
10,0.71202,0.03382,0.76923,0.66346,0.10577
11,0.69187,0.04361,0.75481,0.59135,0.16346
12,0.69231,0.04771,0.76923,0.60577,0.16346
13,0.67714,0.05403,0.77404,0.58173,0.19231
14,0.67960,0.04864,0.75000,0.59135,0.15865
15,0.67628,0.03639,0.75481,0.61538,0.13942
16,0.66256,0.06120,0.74519,0.53365,0.21154
17,0.65469,0.05390,0.73558,0.52885,0.20673
18,0.65331,0.04863,0.74038,0.54808,0.19231
19,0.65157,0.06985,0.75000,0.50962,0.24038
20,0.64736,0.05691,0.76442,0.54808,0.21635

-Detailed Info

1,[0.91826923076923073]
2,[0.86538461538461542, 0.84615384615384615]
3,[0.81730769230769229, 0.76442307692307687, 0.79326923076923073]
4,[0.80288461538461542, 0.78846153846153844, 0.75480769230769229, 0.79807692307692313]
5,[0.77403846153846156, 0.73557692307692313, 0.82211538461538458, 0.78365384615384615, 0.73076923076923073]
6,[0.69230769230769229, 0.77403846153846156, 0.74038461538461542, 0.75480769230769229, 0.80288461538461542, 0.77403846153846156]
7,[0.77403846153846156, 0.63942307692307687, 0.74519230769230771, 0.74519230769230771, 0.64423076923076927, 0.69230769230769229, 0.77403846153846156]
8,[0.6875, 0.74519230769230771, 0.73557692307692313, 0.74038461538461542, 0.75, 0.76442307692307687, 0.67307692307692313, 0.74519230769230771]
9,[0.71634615384615385, 0.67788461538461542, 0.75, 0.72596153846153844, 0.73076923076923073, 0.6875, 0.73076923076923073, 0.78365384615384615, 0.65384615384615385]
10,[0.6875, 0.69230769230769229, 0.76923076923076927, 0.73076923076923073, 0.71634615384615385, 0.76442307692307687, 0.67307692307692313, 0.70192307692307687, 0.72115384615384615, 0.66346153846153844]
11,[0.72115384615384615, 0.68269230769230771, 0.74519230769230771, 0.67788461538461542, 0.65865384615384615, 0.70192307692307687, 0.59134615384615385, 0.66346153846153844, 0.75480769230769229, 0.72115384615384615, 0.69230769230769229]
12,[0.60576923076923073, 0.73076923076923073, 0.64903846153846156, 0.73557692307692313, 0.76923076923076927, 0.67307692307692313, 0.64903846153846156, 0.71153846153846156, 0.62980769230769229, 0.72115384615384615, 0.70673076923076927, 0.72596153846153844]
13,[0.75, 0.70192307692307687, 0.65865384615384615, 0.77403846153846156, 0.63942307692307687, 0.58173076923076927, 0.68269230769230771, 0.67788461538461542, 0.74038461538461542, 0.6875, 0.60096153846153844, 0.67307692307692313, 0.63461538461538458]
14,[0.74519230769230771, 0.59134615384615385, 0.70192307692307687, 0.70673076923076927, 0.68269230769230771, 0.6875, 0.64903846153846156, 0.72115384615384615, 0.59134615384615385, 0.66346153846153844, 0.72596153846153844, 0.64423076923076927, 0.65384615384615385, 0.75]
15,[0.61538461538461542, 0.625, 0.6875, 0.67307692307692313, 0.67307692307692313, 0.67307692307692313, 0.67307692307692313, 0.72596153846153844, 0.6875, 0.64423076923076927, 0.71634615384615385, 0.69711538461538458, 0.64423076923076927, 0.75480769230769229, 0.65384615384615385]
16,[0.69230769230769229, 0.64423076923076927, 0.59134615384615385, 0.70192307692307687, 0.74038461538461542, 0.67788461538461542, 0.62980769230769229, 0.6875, 0.56730769230769229, 0.73076923076923073, 0.74519230769230771, 0.62980769230769229, 0.53365384615384615, 0.73557692307692313, 0.64423076923076927, 0.64903846153846156]
17,[0.62980769230769229, 0.73557692307692313, 0.66346153846153844, 0.73076923076923073, 0.69711538461538458, 0.52884615384615385, 0.67307692307692313, 0.66826923076923073, 0.66346153846153844, 0.66826923076923073, 0.63942307692307687, 0.62019230769230771, 0.56730769230769229, 0.72596153846153844, 0.59615384615384615, 0.64903846153846156, 0.67307692307692313]
18,[0.59134615384615385, 0.69230769230769229, 0.66826923076923073, 0.72596153846153844, 0.68269230769230771, 0.66826923076923073, 0.65384615384615385, 0.64903846153846156, 0.58653846153846156, 0.67788461538461542, 0.54807692307692313, 0.65865384615384615, 0.59134615384615385, 0.70192307692307687, 0.64423076923076927, 0.62980769230769229, 0.74038461538461542, 0.64903846153846156]
19,[0.69230769230769229, 0.69230769230769229, 0.69230769230769229, 0.75, 0.70673076923076927, 0.55288461538461542, 0.53846153846153844, 0.66346153846153844, 0.625, 0.72115384615384615, 0.5625, 0.59134615384615385, 0.50961538461538458, 0.70673076923076927, 0.72115384615384615, 0.64423076923076927, 0.66826923076923073, 0.72596153846153844, 0.61538461538461542]
20,[0.57211538461538458, 0.64903846153846156, 0.66346153846153844, 0.69711538461538458, 0.64423076923076927, 0.54807692307692313, 0.60096153846153844, 0.71634615384615385, 0.55288461538461542, 0.67788461538461542, 0.61057692307692313, 0.60576923076923073, 0.76442307692307687, 0.69711538461538458, 0.69230769230769229, 0.72596153846153844, 0.625, 0.66346153846153844, 0.625, 0.61538461538461542]

Done in: 1.714632523000546 seconds


Skipping op 1

Skipping iteration 4, continuing on to the next!
Skipping iteration 5, continuing on to the next!

------ END OF datasets/sonar.csv ------ 


--------------- Starting analysis for file: datasets/kdd10_2

