
 *** *** *** *** NEW FILE OPEN *** *** *** *** 


--------------- Starting analysis for file: datasets/spambase.csv

Num features in file: 57

Test iteration: 0


yx: [(791.72590272438742, 20), (580.53431288035824, 22), (570.17018323818183, 6), (538.03079302132562, 52), (372.27398873673684, 18), (342.34624048070634, 15), (342.31638377382382, 16), (324.49091789024487, 24), (304.41709958163585, 56), (285.89065941753756, 4), (285.81052197088178, 51), (267.68716923521436, 10), (263.93045605389568, 25), (263.06050756047983, 5), (260.54985204436105, 8), (225.31457895101366, 23), (225.28596130779164, 55), (205.48684320006578, 7), (200.12821121458941, 17), (185.66548538944352, 2), (183.54339238209658, 14), (171.79292677335775, 19), (160.08136125973593, 26), (150.5620535983135, 36), (138.68802555204147, 29), (118.97563221702653, 27), (104.74373998302987, 34), (100.3612801368543, 45), (92.490295936271295, 44), (90.557261008172574, 9), (87.4670927835583, 41), (86.840406939738614, 35), (86.230742231613519, 42), (83.481351277868939, 28), (82.723888375075745, 12), (75.287323882797551, 30), (74.440205328169952, 0), (70.449683304315386, 38), (67.114871464822144, 32), (60.786191222407872, 31), (59.222339909870868, 33), (56.328474218338833, 54), (44.024504907246701, 40), (41.523556896650021, 43), (39.137908076137258, 21), (37.280564276263661, 49), (32.696661636308548, 47), (19.553356717257952, 53), (19.393516620468628, 39), (19.338322464358864, 50), (16.631406399135933, 13), (16.410946942014121, 48), (15.187494621668742, 3), (9.198761612290836, 46), (4.4339736464658044, 37), (4.2048613680689666, 1), (0.27558303801782363, 11)]


----- SVM_LINEAR Op: 0 --

Attribute list: {0: [20, 52, 16, 4, 25, 23, 17, 19, 29, 45, 41, 28, 0, 31, 40, 49, 39, 48, 37], 1: [22, 18, 24, 51, 5, 55, 2, 26, 27, 44, 35, 12, 38, 33, 43, 47, 50, 3, 1], 2: [6, 15, 56, 10, 8, 7, 14, 36, 34, 9, 42, 30, 32, 54, 21, 53, 13, 46, 11]}
Attribute list: {0: [20, 18, 56, 25, 55, 14, 29, 44, 42, 0, 33, 21, 39, 3, 11], 1: [22, 15, 4, 5, 7, 19, 27, 9, 28, 38, 54, 49, 50, 46], 2: [6, 16, 51, 8, 17, 26, 34, 41, 12, 32, 40, 47, 13, 37], 3: [52, 24, 10, 23, 2, 36, 45, 35, 30, 31, 43, 53, 48, 1]}
Attribute list: {0: [20, 15, 51, 23, 14, 27, 41, 30, 33, 49, 13, 1], 1: [22, 16, 10, 55, 19, 34, 35, 0, 54, 47, 48, 11], 2: [6, 24, 25, 7, 26, 45, 42, 38, 40, 53, 3], 3: [52, 56, 5, 17, 36, 44, 28, 32, 43, 39, 46], 4: [18, 4, 8, 2, 29, 9, 12, 31, 21, 50, 37]}
Attribute list: {0: [20, 16, 25, 17, 29, 41, 0, 40, 39, 37], 1: [22, 24, 5, 2, 27, 35, 38, 43, 50, 1], 2: [6, 56, 8, 14, 34, 42, 32, 21, 13, 11], 3: [52, 4, 23, 19, 45, 28, 31, 49, 48], 4: [18, 51, 55, 26, 44, 12, 33, 47, 3], 5: [15, 10, 7, 36, 9, 30, 54, 53, 46]}
Attribute list: {0: [20, 24, 8, 19, 44, 30, 40, 50, 11], 1: [22, 56, 23, 26, 9, 0, 43, 13], 2: [6, 4, 55, 36, 41, 38, 21, 48], 3: [52, 51, 7, 29, 35, 32, 49, 3], 4: [18, 10, 17, 27, 42, 31, 47, 46], 5: [15, 25, 2, 34, 28, 33, 53, 37], 6: [16, 5, 14, 45, 12, 54, 39, 1]}
Attribute list: {0: [20, 56, 55, 29, 42, 33, 39, 11], 1: [22, 4, 7, 27, 28, 54, 50], 2: [6, 51, 17, 34, 12, 40, 13], 3: [52, 10, 2, 45, 30, 43, 48], 4: [18, 25, 14, 44, 0, 21, 3], 5: [15, 5, 19, 9, 38, 49, 46], 6: [16, 8, 26, 41, 32, 47, 37], 7: [24, 23, 36, 35, 31, 53, 1]}
Attribute list: {0: [20, 4, 17, 45, 0, 49, 37], 1: [22, 51, 2, 44, 38, 47, 1], 2: [6, 10, 14, 9, 32, 53, 11], 3: [52, 25, 19, 41, 31, 39], 4: [18, 5, 26, 35, 33, 50], 5: [15, 8, 36, 42, 54, 13], 6: [16, 23, 29, 28, 40, 48], 7: [24, 55, 27, 12, 43, 3], 8: [56, 7, 34, 30, 21, 46]}
Attribute list: {0: [20, 51, 14, 41, 33, 13], 1: [22, 10, 19, 35, 54, 48], 2: [6, 25, 26, 42, 40, 3], 3: [52, 5, 36, 28, 43, 46], 4: [18, 8, 29, 12, 21, 37], 5: [15, 23, 27, 30, 49, 1], 6: [16, 55, 34, 0, 47, 11], 7: [24, 7, 45, 38, 53], 8: [56, 17, 44, 32, 39], 9: [4, 2, 9, 31, 50]}
Attribute list: {0: [20, 10, 26, 28, 21, 1], 1: [22, 25, 36, 12, 49, 11], 2: [6, 5, 29, 30, 47], 3: [52, 8, 27, 0, 53], 4: [18, 23, 34, 38, 39], 5: [15, 55, 45, 32, 50], 6: [16, 7, 44, 31, 13], 7: [24, 17, 9, 33, 48], 8: [56, 2, 41, 54, 3], 9: [4, 14, 35, 40, 46], 10: [51, 19, 42, 43, 37]}
Attribute list: {0: [20, 25, 29, 0, 39], 1: [22, 5, 27, 38, 50], 2: [6, 8, 34, 32, 13], 3: [52, 23, 45, 31, 48], 4: [18, 55, 44, 33, 3], 5: [15, 7, 9, 54, 46], 6: [16, 17, 41, 40, 37], 7: [24, 2, 35, 43, 1], 8: [56, 14, 42, 21, 11], 9: [4, 19, 28, 49], 10: [51, 26, 12, 47], 11: [10, 36, 30, 53]}

All Data: 

(K,Avg,StD,Max,Min,Swing)
3,0.83098,0.01682,0.85242,0.81135,0.04108
4,0.80933,0.00799,0.82200,0.80156,0.02043
5,0.78600,0.02540,0.81287,0.74506,0.06781
6,0.77038,0.01737,0.80113,0.75071,0.05042
7,0.75369,0.02871,0.78874,0.71876,0.06998
8,0.74707,0.02374,0.78961,0.71419,0.07542
9,0.73322,0.02845,0.78983,0.69615,0.09368
10,0.72643,0.02936,0.77461,0.68550,0.08911
11,0.71315,0.02986,0.77266,0.67681,0.09585
12,0.71390,0.03039,0.77570,0.67094,0.10476

-Detailed Info

3,[0.85242338622038683, 0.82916757226689852, 0.81134535970441213]
4,[0.80156487720060854, 0.80352097370136921, 0.81025863942621168, 0.82199521843077594]
5,[0.80525972614648988, 0.76852858074331665, 0.81286676809389258, 0.79830471636600742, 0.74505542273418823]
6,[0.78352532058248203, 0.75613996957183216, 0.77048467724407732, 0.80113018908932843, 0.76026950662899373, 0.75070636818083025]
7,[0.78808954575092371, 0.7520104325146707, 0.77678765485763968, 0.78874157791784394, 0.7187567920017387, 0.72158226472505982, 0.72984133883938274]
8,[0.76005216257335362, 0.75461856118235171, 0.76744186046511631, 0.78961095414040428, 0.71419256683329713, 0.7391871332319061, 0.72484242555966094, 0.72658117800478161]
9,[0.7570093457943925, 0.73701369267550532, 0.75722668985003261, 0.78982829819604439, 0.70897630949793522, 0.72440773744838083, 0.72310367311454027, 0.70528146055205387, 0.69615301021517062]
10,[0.76113888285155396, 0.75048902412519014, 0.74005650945446644, 0.77461421430123889, 0.6955009780482504, 0.73331884372962397, 0.7059334927189741, 0.7263638339491415, 0.68550315148880681, 0.69137144099108894]
11,[0.75613996957183216, 0.71680069550097802, 0.73983916539882633, 0.77265811780047811, 0.69745707454901107, 0.71919148011301892, 0.69376222560312972, 0.70180395566181264, 0.68724190393392737, 0.6828950228211258, 0.67680938926320366]
12,[0.74788089545750924, 0.73071071506194307, 0.75157574440339059, 0.77570093457943923, 0.71506194305585746, 0.70636818083025432, 0.70180395566181264, 0.70615083677461421, 0.67094109976092153, 0.69506628993697017, 0.68398174309932624, 0.68159095848728535]

Done in: 7.453319580992684 seconds


Skipping op 1


Test iteration: 1


yx: [(791.72590272438742, 20), (580.53431288035824, 22), (570.17018323818183, 6), (538.03079302132562, 52), (372.27398873673684, 18), (342.34624048070634, 15), (342.31638377382382, 16), (324.49091789024487, 24), (304.41709958163585, 56), (285.89065941753756, 4), (285.81052197088178, 51), (267.68716923521436, 10), (263.93045605389568, 25), (263.06050756047983, 5), (260.54985204436105, 8), (225.31457895101366, 23), (225.28596130779164, 55), (205.48684320006578, 7), (200.12821121458941, 17), (185.66548538944352, 2), (183.54339238209658, 14), (171.79292677335775, 19), (160.08136125973593, 26), (150.5620535983135, 36), (138.68802555204147, 29), (118.97563221702653, 27), (104.74373998302987, 34), (100.3612801368543, 45), (92.490295936271295, 44), (90.557261008172574, 9), (87.4670927835583, 41), (86.840406939738614, 35), (86.230742231613519, 42), (83.481351277868939, 28), (82.723888375075745, 12), (75.287323882797551, 30), (74.440205328169952, 0), (70.449683304315386, 38), (67.114871464822144, 32), (60.786191222407872, 31), (59.222339909870868, 33), (56.328474218338833, 54), (44.024504907246701, 40), (41.523556896650021, 43), (39.137908076137258, 21), (37.280564276263661, 49), (32.696661636308548, 47), (19.553356717257952, 53), (19.393516620468628, 39), (19.338322464358864, 50), (16.631406399135933, 13), (16.410946942014121, 48), (15.187494621668742, 3), (9.198761612290836, 46), (4.4339736464658044, 37), (4.2048613680689666, 1), (0.27558303801782363, 11)]


----- SVM_LINEAR Op: 0 --

Attribute list: {0: [20, 18, 24, 56, 4, 51, 10, 45, 41, 35, 42, 28, 30, 38, 31, 21, 48, 3, 1, 37], 1: [22, 15, 16, 5, 23, 55, 17, 2, 19, 26, 29, 27, 0, 32, 54, 40, 43, 49, 47, 53, 13, 11, 14], 2: [6, 52, 25, 8, 7, 36, 34, 44, 9, 39, 50]}
Attribute list: {0: [20, 18, 24, 55, 26, 45, 44, 9, 28, 43, 21, 47, 48, 1], 1: [22, 15, 10, 7, 19, 27, 30, 33, 54, 39, 3, 37, 11], 2: [6, 16, 56, 51, 5, 23, 2, 14, 29, 0, 38, 32, 31, 40, 49], 3: [52, 4, 25, 8, 17, 36, 34, 41, 35, 42, 12, 53, 50, 46]}
Attribute list: {0: [20, 24, 51, 55, 45, 44, 28, 32, 33, 47, 53, 37], 1: [22, 10, 19, 29, 35, 54, 3, 46], 2: [6, 56, 23, 7, 2, 27, 34, 12, 30], 3: [52, 4, 25, 17, 9, 41, 42, 38, 31, 40, 43, 21, 39, 48, 1, 11, 49, 50], 4: [18, 15, 16, 5, 8, 14, 26, 36, 0]}
Attribute list: {0: [20, 24, 55, 26, 45, 42, 28, 43, 49, 47, 53, 37, 1, 11], 1: [22, 7, 19, 35, 33, 39, 3], 2: [6, 8, 23, 14, 30, 32], 3: [52, 2, 27, 9, 38, 50], 4: [18, 16, 10, 5, 17, 29, 44, 54, 21, 48, 46], 5: [15, 56, 4, 51, 25, 36, 34, 41, 12, 31, 40]}
Attribute list: {0: [20, 24, 55, 45, 41, 28, 47, 53, 50], 1: [22, 19, 33, 3, 46], 2: [6, 8, 7, 12, 30, 0, 38, 31], 3: [52, 36, 27, 34], 4: [18, 56, 4, 25, 17, 44, 32, 49, 13, 37], 5: [15, 51, 10, 23, 2, 14, 26, 40, 21, 39, 48, 1], 6: [16, 5, 29, 9, 35, 42, 54, 43]}
Attribute list: {0: [20, 25, 55, 2, 30, 32, 40, 53, 50], 1: [22, 19, 33, 39, 3, 11], 2: [6, 23, 28, 49, 13], 3: [52, 9, 35], 4: [18, 51, 5, 7, 27, 44, 31, 21, 47, 48], 5: [15, 10, 14, 26, 34, 45, 42, 0, 38, 54, 43, 1], 6: [16, 8, 36, 29, 46, 37], 7: [24, 56, 4, 17, 41, 12]}
Attribute list: {0: [20, 25, 2, 44, 28], 1: [22, 19, 33], 2: [6, 14, 34, 42, 13], 3: [52, 31], 4: [18, 51, 55, 7, 37], 5: [15, 5, 26, 36, 27, 45, 9, 35, 38, 32, 43, 47, 39, 11], 6: [16, 8, 29, 12, 30, 50, 3], 7: [24, 4, 23, 17, 41, 54, 40, 49, 53], 8: [56, 10, 0, 21, 48, 46, 1]}
Attribute list: {0: [20, 25, 2, 9, 40, 1], 1: [22, 19, 39, 3], 2: [6, 14, 42, 33], 3: [52, 30], 4: [18, 5, 55, 44, 49], 5: [15, 8, 32, 31, 50, 37], 6: [16, 17, 29, 0, 54, 21, 48, 11], 7: [24, 51, 10, 26, 45, 41, 46], 8: [56, 7, 36, 35, 12, 53], 9: [4, 23, 27, 34, 28, 38, 43, 47]}
Attribute list: {0: [20, 25, 45, 28, 43, 47], 1: [22, 3], 2: [6, 14, 42], 3: [52, 33], 4: [18, 5, 44, 9, 30, 21, 39, 48], 5: [15, 55, 26, 49, 11], 6: [16, 17, 29, 54, 53], 7: [24, 10, 7, 2, 0, 38, 40], 8: [56, 19, 36, 35, 12], 9: [4, 23, 27, 34, 41, 13], 10: [51, 8, 32, 31, 50, 46, 37]}
Attribute list: {0: [20, 25, 2, 44, 28], 1: [22, 11], 2: [6], 3: [52, 33, 49], 4: [18, 55, 45, 30, 47, 39, 46, 1], 5: [15, 17, 26, 27, 54, 40, 43, 13, 37], 6: [16, 35, 12, 38], 7: [24, 5, 7], 8: [56, 19, 36, 34, 0], 9: [4, 23, 29, 9, 41, 53, 50], 10: [51, 8, 32, 31, 3], 11: [10, 14, 42, 21, 48]}

All Data: 

(K,Avg,StD,Max,Min,Swing)
3,0.85445,0.00616,0.86242,0.84742,0.01500
4,0.82536,0.02039,0.84721,0.79200,0.05521
5,0.81230,0.03224,0.85460,0.75853,0.09607
6,0.79396,0.03486,0.85112,0.74440,0.10672
7,0.77896,0.03305,0.83243,0.73658,0.09585
8,0.76627,0.02314,0.79613,0.72636,0.06977
9,0.75670,0.03393,0.81200,0.70919,0.10280
10,0.75444,0.03893,0.86438,0.71984,0.14453
11,0.74035,0.02440,0.78374,0.70007,0.08368
12,0.73049,0.02780,0.77679,0.69702,0.07977

-Detailed Info

3,[0.86242121277983053, 0.85351010649858727, 0.84742447294066503]
4,[0.84720712888502503, 0.79200173875244517, 0.83286242121277987, 0.82938491632253852]
5,[0.85459682677678761, 0.75853075418387306, 0.80156487720060854, 0.83221038904585964, 0.81460552053901325]
6,[0.85111932188654638, 0.74440339056726801, 0.77809171919148012, 0.77439687024559878, 0.79134970658552484, 0.82438600304281673]
7,[0.83242773310149965, 0.73701369267550532, 0.77439687024559878, 0.77374483807867855, 0.78591610519452293, 0.81264942403825258, 0.7365790045642252]
8,[0.78548141708324282, 0.73766572484242554, 0.76113888285155396, 0.76200825907411429, 0.77200608563355788, 0.78939361008476416, 0.7263638339491415, 0.79613127580960663]
9,[0.77678765485763968, 0.73462290806346442, 0.74396870245598778, 0.75722668985003261, 0.74201260595522711, 0.81199739187133235, 0.72505976961530105, 0.80938926320365134, 0.70919365355357533]
10,[0.76635514018691586, 0.73614431645294498, 0.74266463812214734, 0.75809606607259294, 0.74136057378830689, 0.71984351227993915, 0.73875244512062599, 0.8643773092805912, 0.72592914583786139, 0.75092371223647036]
11,[0.78374266463812214, 0.71484459900021735, 0.74027385351010655, 0.75722668985003261, 0.73831775700934577, 0.7544012171267116, 0.73440556400782442, 0.76592045207563575, 0.70636818083025432, 0.74831558356878936, 0.70006520321669208]
12,[0.77678765485763968, 0.71267115844381657, 0.7187567920017387, 0.75918278635079328, 0.72658117800478161, 0.76809389263203653, 0.69702238643773096, 0.73353618778526408, 0.70376005216257331, 0.76309497935231474, 0.69963051510541185, 0.70680286894153443]

Done in: 599.9715943578631 seconds


Skipping op 1


Test iteration: 2


yx: [(791.72590272438742, 20), (580.53431288035824, 22), (570.17018323818183, 6), (538.03079302132562, 52), (372.27398873673684, 18), (342.34624048070634, 15), (342.31638377382382, 16), (324.49091789024487, 24), (304.41709958163585, 56), (285.89065941753756, 4), (285.81052197088178, 51), (267.68716923521436, 10), (263.93045605389568, 25), (263.06050756047983, 5), (260.54985204436105, 8), (225.31457895101366, 23), (225.28596130779164, 55), (205.48684320006578, 7), (200.12821121458941, 17), (185.66548538944352, 2), (183.54339238209658, 14), (171.79292677335775, 19), (160.08136125973593, 26), (150.5620535983135, 36), (138.68802555204147, 29), (118.97563221702653, 27), (104.74373998302987, 34), (100.3612801368543, 45), (92.490295936271295, 44), (90.557261008172574, 9), (87.4670927835583, 41), (86.840406939738614, 35), (86.230742231613519, 42), (83.481351277868939, 28), (82.723888375075745, 12), (75.287323882797551, 30), (74.440205328169952, 0), (70.449683304315386, 38), (67.114871464822144, 32), (60.786191222407872, 31), (59.222339909870868, 33), (56.328474218338833, 54), (44.024504907246701, 40), (41.523556896650021, 43), (39.137908076137258, 21), (37.280564276263661, 49), (32.696661636308548, 47), (19.553356717257952, 53), (19.393516620468628, 39), (19.338322464358864, 50), (16.631406399135933, 13), (16.410946942014121, 48), (15.187494621668742, 3), (9.198761612290836, 46), (4.4339736464658044, 37), (4.2048613680689666, 1), (0.27558303801782363, 11)]


----- SVM_LINEAR Op: 0 --

Attribute list: {0: [20, 18, 24, 55, 26, 45, 44, 9, 28, 43, 21, 47, 48, 1, 15, 10, 3, 37, 11], 2: [6, 16, 56, 51, 5, 23, 2, 14, 29, 0, 38, 32, 31, 40, 49, 22, 7, 19, 27], 3: [52, 4, 25, 8, 17, 36, 34, 41, 35, 42, 12, 53, 50, 46, 33, 54]}
Attribute list: {0: [20, 24, 51, 55, 45, 44, 28, 32, 33, 47, 53, 37, 46], 2: [6, 56, 23, 7, 2, 27, 34, 12, 30, 22, 19, 54, 3], 3: [52, 4, 25, 17, 9, 41, 42, 38, 31, 40, 43, 21, 39, 48, 1, 11, 49, 50, 10, 29], 4: [18, 15, 16, 5, 8, 14, 26, 36, 0]}
Attribute list: {0: [20, 24, 55, 26, 45, 42, 28, 43, 49, 47, 53, 37, 1, 11, 7, 3], 2: [6, 8, 23, 14, 30, 32, 22], 3: [52, 2, 27, 9, 38, 50, 19, 35, 33], 4: [18, 16, 10, 5, 17, 29, 44, 54, 21, 48, 46, 39], 5: [15, 56, 4, 51, 25, 36, 34, 41, 12, 31, 40]}
Attribute list: {0: [20, 24, 55, 45, 41, 28, 47, 53, 50, 35], 1: [22, 19, 33, 3, 46, 9], 2: [6, 8, 7, 12, 30, 0, 38, 31, 16, 54], 3: [52, 36, 27, 34], 4: [18, 56, 4, 25, 17, 44, 32, 49, 13, 37, 5, 43], 5: [15, 51, 10, 23, 2, 14, 26, 40, 21, 39, 48, 1, 29, 42]}
Attribute list: {0: [20, 25, 55, 2, 30, 32, 40, 53, 50, 36, 29], 1: [22, 19, 33, 39, 3, 11], 2: [6, 23, 28, 49, 13, 16, 8, 46], 3: [52, 9, 35], 4: [18, 51, 5, 7, 27, 44, 31, 21, 47, 48], 5: [15, 10, 14, 26, 34, 45, 42, 0, 38, 54, 43, 1, 37], 7: [24, 56, 4, 17, 41, 12]}
Attribute list: {0: [20, 25, 2, 44, 28], 1: [22, 19, 33], 2: [6, 14, 34, 42, 13, 56, 1], 3: [52, 31, 10, 0, 21, 48], 4: [18, 51, 55, 7, 37], 5: [15, 5, 26, 36, 27, 45, 9, 35, 38, 32, 43, 47, 39, 11, 46], 6: [16, 8, 29, 12, 30, 50, 3], 7: [24, 4, 23, 17, 41, 54, 40, 49, 53]}
Attribute list: {0: [20, 25, 2, 9, 40, 1], 1: [22, 19, 39, 3, 15, 31, 37], 2: [6, 14, 42, 33, 8, 32], 3: [52, 30], 4: [18, 5, 55, 44, 49], 6: [16, 17, 29, 0, 54, 21, 48, 11], 7: [24, 51, 10, 26, 45, 41, 46], 8: [56, 7, 36, 35, 12, 53, 50], 9: [4, 23, 27, 34, 28, 38, 43, 47]}
Attribute list: {0: [20, 25, 45, 28, 43, 47, 32], 1: [22, 3, 8, 31, 50], 2: [6, 14, 42], 3: [52, 33], 4: [18, 5, 44, 9, 30, 21, 39, 48, 46], 5: [15, 55, 26, 49, 11], 6: [16, 17, 29, 54, 53, 37], 7: [24, 10, 7, 2, 0, 38, 40], 8: [56, 19, 36, 35, 12], 9: [4, 23, 27, 34, 41, 13, 51]}
Attribute list: {0: [20, 25, 2, 44, 28], 1: [22, 11], 2: [6], 3: [52, 33, 49, 38], 4: [18, 55, 45, 30, 47, 39, 46, 1], 5: [15, 17, 26, 27, 54, 40, 43, 13, 37], 7: [24, 5, 7], 8: [56, 19, 36, 34, 0], 9: [4, 23, 29, 9, 41, 53, 50], 10: [51, 8, 32, 31, 3, 12], 11: [10, 14, 42, 21, 48, 16, 35]}
Attribute list: {0: [20, 2, 26, 34, 38, 40, 43, 50], 1: [22, 1], 2: [6], 3: [52, 33], 4: [18, 55, 45, 28, 30, 47, 3], 5: [15, 14, 19, 37], 6: [16, 35, 12, 54, 21, 48], 7: [24, 5, 7, 13, 11], 8: [56, 36, 32, 49], 9: [4, 23, 27, 41, 31], 10: [51, 17, 29, 44, 9, 42, 0, 53, 39, 46], 12: [25, 8, 10]}

All Data: 

(K,Avg,StD,Max,Min,Swing)
3,0.85286,0.01630,0.87177,0.83199,0.03977
4,0.83634,0.01459,0.85525,0.81461,0.04064
5,0.81539,0.02679,0.85894,0.78309,0.07585
6,0.79378,0.03127,0.83330,0.73723,0.09607
7,0.77741,0.02003,0.79613,0.73767,0.05847
8,0.76934,0.03121,0.81352,0.72506,0.08846
9,0.76377,0.03774,0.86438,0.72723,0.13714
10,0.74951,0.02207,0.78918,0.70637,0.08281
11,0.73804,0.02541,0.77679,0.70376,0.07303
12,0.73091,0.02330,0.77418,0.68855,0.08563

-Detailed Info

3,[0.87176700717235389, 0.85481417083242772, 0.83199304499021953]
4,[0.85524885894370783, 0.83481851771354054, 0.84068680721582267, 0.81460552053901325]
5,[0.85894370788958918, 0.81873505759617471, 0.78309063247120192, 0.79178439469680506, 0.82438600304281673]
6,[0.83329710932405998, 0.73723103673114543, 0.79591393175396652, 0.77374483807867855, 0.80439034992392955, 0.81808302542925448]
7,[0.79569658769832641, 0.73766572484242554, 0.78874157791784394, 0.76200825907411429, 0.77200608563355788, 0.78961095414040428, 0.79613127580960663]
8,[0.77678765485763968, 0.73462290806346442, 0.76765920452075631, 0.78569876113888282, 0.74201260595522711, 0.81351880026081291, 0.72505976961530105, 0.80938926320365134]
9,[0.76635514018691586, 0.76744186046511631, 0.75940013040643339, 0.75809606607259294, 0.74136057378830689, 0.73875244512062599, 0.8643773092805912, 0.72723321017170184, 0.75092371223647036]
10,[0.78917626602912405, 0.7365790045642252, 0.74027385351010655, 0.75722668985003261, 0.73853510106498588, 0.7544012171267116, 0.73484025211910453, 0.76592045207563575, 0.70636818083025432, 0.77178874157791788]
11,[0.77678765485763968, 0.71267115844381657, 0.7187567920017387, 0.76418169963051508, 0.72658117800478161, 0.76809389263203653, 0.73353618778526408, 0.70376005216257331, 0.76309497935231474, 0.70636818083025432, 0.74462073462290801]
12,[0.77417952618995867, 0.71288850249945668, 0.7187567920017387, 0.75722668985003261, 0.73071071506194307, 0.71527928711149746, 0.71288850249945668, 0.74027385351010655, 0.68854596826776793, 0.74918495979134969, 0.75353184090415126, 0.71745272766789825]

Done in: 740.8378163620364 seconds


Skipping op 1


Test iteration: 3


yx: [(791.72590272438742, 20), (580.53431288035824, 22), (570.17018323818183, 6), (538.03079302132562, 52), (372.27398873673684, 18), (342.34624048070634, 15), (342.31638377382382, 16), (324.49091789024487, 24), (304.41709958163585, 56), (285.89065941753756, 4), (285.81052197088178, 51), (267.68716923521436, 10), (263.93045605389568, 25), (263.06050756047983, 5), (260.54985204436105, 8), (225.31457895101366, 23), (225.28596130779164, 55), (205.48684320006578, 7), (200.12821121458941, 17), (185.66548538944352, 2), (183.54339238209658, 14), (171.79292677335775, 19), (160.08136125973593, 26), (150.5620535983135, 36), (138.68802555204147, 29), (118.97563221702653, 27), (104.74373998302987, 34), (100.3612801368543, 45), (92.490295936271295, 44), (90.557261008172574, 9), (87.4670927835583, 41), (86.840406939738614, 35), (86.230742231613519, 42), (83.481351277868939, 28), (82.723888375075745, 12), (75.287323882797551, 30), (74.440205328169952, 0), (70.449683304315386, 38), (67.114871464822144, 32), (60.786191222407872, 31), (59.222339909870868, 33), (56.328474218338833, 54), (44.024504907246701, 40), (41.523556896650021, 43), (39.137908076137258, 21), (37.280564276263661, 49), (32.696661636308548, 47), (19.553356717257952, 53), (19.393516620468628, 39), (19.338322464358864, 50), (16.631406399135933, 13), (16.410946942014121, 48), (15.187494621668742, 3), (9.198761612290836, 46), (4.4339736464658044, 37), (4.2048613680689666, 1), (0.27558303801782363, 11)]


----- SVM_LINEAR Op: 0 --

Attribute list: {0: [20, 24, 55, 26, 45, 44, 15, 30, 18, 9, 28, 43, 47, 3, 38, 32, 40, 27, 53], 2: [6, 56, 51, 5, 23, 2, 22, 7, 14, 29, 49, 19, 34, 35, 42], 3: [52, 4, 25, 8, 17, 36, 41, 21, 48, 1, 10, 11, 31, 50, 46]}
Attribute list: {0: [24, 51, 55, 45, 44, 28, 32, 33, 47, 34, 30, 42, 11], 2: [6, 56, 23, 22, 19, 13, 35, 27, 12, 9, 31], 3: [52, 4, 25, 17, 41, 10, 29, 53, 46, 3, 43, 48], 4: [18, 15, 16, 5, 8, 14, 26, 36, 20, 37, 2, 7, 54, 38, 40, 21, 1, 50, 0]}
Attribute list: {0: [24, 55, 26, 45, 47, 11, 7, 42], 2: [6, 8, 23, 22, 49, 32, 27, 35, 33, 12], 3: [52, 19, 0, 28, 1, 3, 30], 4: [18, 16, 10, 5, 17, 29, 44, 53, 37, 43, 38, 50, 54], 5: [15, 56, 4, 51, 25, 36, 41, 13, 20, 14, 9, 21, 34, 40]}
Attribute list: {0: [24, 55, 45, 41, 28, 47, 50, 35, 33], 1: [22, 19, 3, 9], 2: [6, 8, 7, 0, 16, 54, 12, 40, 1], 3: [52, 36, 34, 46, 30, 13, 10, 2, 21], 4: [18, 56, 4, 25, 17, 44, 5, 20, 31, 37, 43], 5: [15, 51, 23, 14, 26, 48, 29, 42, 11, 53, 38, 27, 32, 49, 39]}
Attribute list: {0: [20, 25, 55, 36, 29, 40, 46], 1: [22, 19, 3, 35], 2: [6, 23, 16, 8, 30], 3: [52, 9, 33, 39], 4: [18, 51, 5, 7, 44, 50, 28, 49, 21, 34], 5: [15, 10, 14, 26, 45, 38, 54, 43, 27, 31, 47, 42, 0, 1, 37], 7: [24, 56, 4, 17, 41, 12, 2, 53, 32, 48]}
Attribute list: {0: [20, 25, 2, 44, 28, 17], 1: [22, 19, 11, 3], 2: [6, 14, 56, 33, 34, 49, 54], 3: [52, 10, 21, 48, 31, 0], 4: [18, 51, 55, 7, 37, 46], 5: [15, 5, 26, 36, 27, 45, 9, 43, 1, 47, 35, 39, 38, 32, 30], 6: [16, 8, 29, 12, 50], 7: [24, 4, 23, 41, 40, 42, 53]}
Attribute list: {0: [20, 25, 2, 9, 1], 1: [22, 19, 15, 3], 2: [6, 8, 32, 13], 3: [52, 39, 31], 4: [18, 5, 55, 44, 14, 30, 49], 6: [16, 17, 29, 54, 21, 48, 42, 11], 7: [24, 51, 10, 26, 45, 41, 37], 8: [56, 7, 36, 35, 12, 53, 50], 9: [4, 23, 27, 34, 28, 38, 43, 47, 40, 33, 0, 46]}
Attribute list: {0: [20, 25, 45, 28, 43, 47, 32, 38], 1: [22, 8, 3, 50, 30], 2: [6, 14, 42], 3: [52, 33], 4: [18, 5, 44, 9, 31, 39, 46, 34], 5: [15, 55, 26, 49, 48, 21, 11, 37], 6: [16, 17, 29, 54, 53], 7: [24, 10, 7, 2, 0, 40], 8: [56, 19, 36, 35, 12], 9: [4, 23, 27, 41, 51, 13]}
Attribute list: {0: [20, 25, 2, 44, 28], 1: [22, 11, 3], 2: [6, 21], 3: [52, 49, 38, 34], 4: [18, 55, 45, 30, 39], 5: [15, 17, 26, 27, 54, 40, 43, 13, 46, 37], 7: [24, 5, 7], 8: [56, 19, 36, 0], 9: [4, 23, 29, 9, 41, 53, 33, 1, 50, 48], 10: [51, 8, 32, 31, 12, 47], 11: [10, 14, 16, 35, 42]}
Attribute list: {0: [20, 26, 34, 38, 40, 43, 49], 1: [22, 3], 2: [6], 3: [52, 33], 4: [18, 55, 45, 28, 30, 47], 5: [15, 14, 19, 37], 6: [16, 35, 12, 54, 21, 48, 2, 50], 7: [24, 5, 7, 13], 8: [56, 36, 32, 1], 9: [4, 23, 27, 41, 31], 10: [51, 17, 29, 44, 9, 42, 0, 53, 39, 46], 12: [25, 8, 10]}

All Data: 

(K,Avg,StD,Max,Min,Swing)
3,0.85699,0.01465,0.87633,0.84090,0.03543
4,0.84253,0.01353,0.86459,0.82830,0.03630
5,0.82278,0.03469,0.87568,0.77874,0.09694
6,0.80772,0.04320,0.88155,0.73810,0.14345
7,0.77909,0.02199,0.80917,0.73810,0.07107
8,0.77005,0.03138,0.81395,0.72093,0.09302
9,0.76462,0.03698,0.86416,0.72723,0.13693
10,0.74960,0.02307,0.79352,0.70637,0.08715
11,0.73761,0.02663,0.77679,0.69876,0.07803
12,0.73191,0.02246,0.77222,0.68702,0.08520

-Detailed Info

3,[0.87633123234079546, 0.85372745055422739, 0.84090415127146267]
4,[0.8645946533362312, 0.82829819604433819, 0.83612258204738099, 0.84112149532710279]
5,[0.87567920017387524, 0.81851771354053471, 0.77874375135840035, 0.79547924364268641, 0.84546837643990436]
6,[0.88154748967615737, 0.73810041295370576, 0.79308845903064551, 0.79048033036296461, 0.81982177787437516, 0.82329928276461639]
7,[0.79243642686372529, 0.73810041295370576, 0.79048033036296461, 0.76287763529667463, 0.7696153010215171, 0.79091501847424472, 0.80917191914801134]
8,[0.78852423386220383, 0.73570962834166487, 0.77135405346663766, 0.78569876113888282, 0.74244729406650734, 0.81395348837209303, 0.72093023255813948, 0.80178222125624865]
9,[0.76266029124103452, 0.76439904368615519, 0.74983699195826992, 0.75766137796131272, 0.75135840034775048, 0.74114322973266678, 0.86415996522495109, 0.72723321017170184, 0.76309497935231474]
10,[0.79352314714192562, 0.73701369267550532, 0.74027385351010655, 0.75722668985003261, 0.73288415561834386, 0.76309497935231474, 0.73440556400782442, 0.76266029124103452, 0.70636818083025432, 0.76852858074331665]
11,[0.77678765485763968, 0.71484459900021735, 0.72288632905890027, 0.76896326885459687, 0.7211475766137796, 0.76809389263203653, 0.73353618778526408, 0.69876113888285152, 0.7672245164094762, 0.70702021299717455, 0.73440556400782442]
12,[0.77222342968919799, 0.71484459900021735, 0.7187567920017387, 0.75722668985003261, 0.72831993044990218, 0.71527928711149746, 0.73071071506194307, 0.73831775700934577, 0.68702455987828737, 0.74918495979134969, 0.75353184090415126, 0.71745272766789825]

Done in: 1349.1582016481552 seconds


Skipping op 1


Test iteration: 4


yx: [(324.49091789024487, 24), (37.280564276263661, 49), (75.287323882797551, 30), (39.137908076137258, 21), (4.2048613680689666, 1), (104.74373998302987, 34), (59.222339909870868, 33), (86.230742231613519, 42), (580.53431288035824, 22), (285.81052197088178, 51), (342.31638377382382, 16), (74.440205328169952, 0), (225.28596130779164, 55), (19.553356717257952, 53), (150.5620535983135, 36), (41.523556896650021, 43), (372.27398873673684, 18), (267.68716923521436, 10), (138.68802555204147, 29), (44.024504907246701, 40), (118.97563221702653, 27), (160.08136125973593, 26), (100.3612801368543, 45), (32.696661636308548, 47), (263.93045605389568, 25), (9.198761612290836, 46), (342.34624048070634, 15), (60.786191222407872, 31), (90.557261008172574, 9), (83.481351277868939, 28), (570.17018323818183, 6), (225.31457895101366, 23), (82.723888375075745, 12), (183.54339238209658, 14), (285.89065941753756, 4), (171.79292677335775, 19), (87.4670927835583, 41), (263.06050756047983, 5), (0.27558303801782363, 11), (538.03079302132562, 52), (15.187494621668742, 3), (56.328474218338833, 54), (86.840406939738614, 35), (200.12821121458941, 17), (19.393516620468628, 39), (67.114871464822144, 32), (304.41709958163585, 56), (92.490295936271295, 44), (70.449683304315386, 38), (260.54985204436105, 8), (16.410946942014121, 48), (205.48684320006578, 7), (16.631406399135933, 13), (19.338322464358864, 50), (4.4339736464658044, 37), (185.66548538944352, 2), (791.72590272438742, 20)]


----- SVM_LINEAR Op: 0 --

Attribute list: {0: [24, 21, 1, 34, 42, 51, 0, 55, 43, 40, 27, 26, 45, 47, 33], 1: [49, 16, 36, 18, 25, 46, 15, 31, 9, 28, 23, 14, 4, 41, 52, 54, 17, 32, 44, 38, 7], 2: [30, 22, 53, 10, 29, 6, 12, 19, 5, 11, 3, 39, 56, 48, 13, 50, 20, 35, 8, 2]}
Attribute list: {0: [24, 22, 53, 9, 6, 19, 56, 8, 7, 50, 42], 1: [49, 16, 29, 15, 23, 14, 3, 54, 35, 17, 2, 20, 12], 2: [30, 51, 0, 55, 36, 43, 40, 27, 26, 25, 46, 31, 28, 41, 11, 32, 38, 48, 37], 3: [21, 34, 18, 10, 45, 47, 4, 5, 52, 39, 44, 13, 1, 33]}
Attribute list: {0: [24, 22, 53, 6, 19, 56], 1: [49, 16, 29, 15, 12, 14, 52, 35, 2, 42], 2: [30, 51, 0, 55, 36, 43, 40, 27, 26, 47, 11, 39, 32, 44, 38, 48], 3: [21, 34, 18, 45, 25, 46, 9, 28, 5, 3, 54, 8, 7, 37, 20, 33], 4: [1, 10, 31, 23, 4, 41, 17, 50]}
Attribute list: {0: [24, 22, 6, 11, 8, 7, 39], 1: [49, 55, 53, 18, 40, 27, 46, 9, 28, 4, 41, 17, 44, 38, 2], 2: [30, 16, 12, 5, 35, 56, 20], 3: [21, 33, 10, 14, 52, 32, 48, 50, 42], 4: [1, 15, 31, 23, 19, 3, 13], 5: [34, 51, 0, 36, 43, 29, 26, 45, 47, 25, 54, 37]}
Attribute list: {0: [24, 22, 3, 17, 32, 56, 13], 1: [49, 55, 53, 46, 6, 8], 2: [30, 16, 12, 5, 20], 3: [21, 42, 15, 31, 23, 11, 48, 7], 4: [1, 10, 27, 14, 52, 39, 50], 5: [34, 51, 0, 36, 43, 29, 26, 45, 47, 25, 54, 37], 6: [33, 18, 40, 9, 28, 4, 19, 41, 35, 44, 38, 2]}
Attribute list: {0: [24, 22, 3, 17, 8, 37], 1: [49, 53, 6, 19], 2: [30, 16, 12, 5, 20], 3: [21, 15, 31, 23, 35, 38, 48], 4: [1, 10, 14, 11, 52], 5: [34, 18, 45, 47, 25, 54, 56, 7], 6: [33, 0, 36, 43, 40, 27, 46, 9, 28, 4, 41, 13, 50, 2], 7: [42, 51, 55, 29, 26, 39, 32, 44]}
Attribute list: {0: [24, 51, 0, 53, 36, 43, 40, 27, 26, 47], 1: [49, 55, 18, 45, 25, 44, 38, 2], 2: [30, 16, 29, 46, 17, 50], 3: [21, 12, 14, 19, 11, 8, 48], 4: [1, 23, 4, 41, 54, 35, 32], 5: [34, 10, 52, 39], 6: [33, 6, 56, 7], 7: [42, 15, 31, 9, 28, 5, 13, 37, 20], 8: [22, 3]}
Attribute list: {0: [24, 16, 17], 1: [49, 15, 31, 12, 54, 13, 20], 2: [30, 55, 53, 36, 5, 35], 3: [21, 23, 11, 8, 48], 4: [1, 6, 19], 5: [34, 18, 26, 45, 47, 25, 41, 44, 38], 6: [33, 10, 52], 7: [42, 0, 43, 29, 40, 46, 14, 32, 7, 2], 8: [22], 9: [51, 27, 9, 28, 4, 3, 56, 50, 37, 39]}
Attribute list: {0: [24, 0, 55, 40, 26, 45, 3], 1: [49, 53, 23, 7], 2: [30, 6, 56], 3: [21, 14, 19, 48], 4: [1, 12, 4, 41, 11, 13, 2], 5: [34, 18, 47, 31, 5, 54, 39, 38, 20], 6: [33, 10, 52], 7: [42, 15, 8, 37], 8: [22], 9: [51, 36, 43, 27, 25, 46, 9, 28, 32, 44, 50], 10: [16, 29, 35, 17]}
Attribute list: {0: [24, 55, 36, 43, 40, 45, 47, 25, 3], 1: [49, 53, 23, 38, 7, 2], 2: [30, 6, 56], 3: [21, 14, 19, 48], 4: [1, 12, 11, 52], 5: [34, 18, 26, 28, 54, 35, 17, 32], 6: [33, 10], 7: [42, 15, 8, 37], 8: [22], 9: [51, 46, 31, 4, 41, 39, 44, 13, 50], 10: [16, 29], 11: [0, 27, 9, 5, 20]}

All Data: 

(K,Avg,StD,Max,Min,Swing)
3,0.86213,0.01550,0.88350,0.84721,0.03630
4,0.82933,0.01544,0.84873,0.80917,0.03956
5,0.80804,0.01691,0.82504,0.77766,0.04738
6,0.79892,0.03750,0.86286,0.74245,0.12041
7,0.78290,0.03383,0.86286,0.75723,0.10563
8,0.76391,0.01228,0.77679,0.74158,0.03521
9,0.75913,0.04086,0.84156,0.70007,0.14149
10,0.74562,0.03297,0.81678,0.70506,0.11171
11,0.74664,0.05159,0.87329,0.67942,0.19387
12,0.73470,0.05240,0.88198,0.67464,0.20735

-Detailed Info

3,[0.88350358617691804, 0.85568354705498806, 0.84720712888502503]
4,[0.838948054770702, 0.80917191914801134, 0.84872853727450559, 0.82047381004129538]
5,[0.82503803520973706, 0.80873723103673112, 0.82264725059769617, 0.80612910236905022, 0.77765703108020001]
6,[0.82242990654205606, 0.79700065203216697, 0.77483155835687889, 0.79395783525320585, 0.74244729406650734, 0.86285590089111064]
7,[0.77635296674635945, 0.76135622690719407, 0.76200825907411429, 0.75722668985003261, 0.78156922408172136, 0.86285590089111064, 0.77896109541404046]
8,[0.76526841990871552, 0.741577917843947, 0.76200825907411429, 0.74701151923494891, 0.77244077374483811, 0.77678765485763968, 0.77091936535535754, 0.77526624646815911]
9,[0.84155618343838301, 0.77352749402303844, 0.72071288850249948, 0.70006520321669208, 0.74983699195826992, 0.77809171919148012, 0.77309280591175833, 0.78048250380352102, 0.71484459900021735]
10,[0.75070636818083025, 0.76331232340795474, 0.7137578787220169, 0.70506411649641387, 0.74136057378830689, 0.81677896109541404, 0.77657031080199956, 0.72049554444685937, 0.71245381438817645, 0.75570528146055205]
11,[0.87328841556183434, 0.70462942838513365, 0.75570528146055205, 0.67941751793088456, 0.71788741577917847, 0.77178874157791788, 0.77657031080199956, 0.71332319061073679, 0.71245381438817645, 0.78656813736144315, 0.72136492066941971]
12,[0.88198217778743748, 0.72266898500326016, 0.75570528146055205, 0.67941751793088456, 0.75505324929363182, 0.73397087589654419, 0.67463594870680288, 0.71332319061073679, 0.71245381438817645, 0.75092371223647036, 0.68789393610084759, 0.74831558356878936]

Done in: 633.0416067240294 seconds


Skipping op 1


Test iteration: 5


yx: [(19.338322464358864, 50), (200.12821121458941, 17), (342.34624048070634, 15), (225.31457895101366, 23), (19.393516620468628, 39), (263.06050756047983, 5), (580.53431288035824, 22), (4.2048613680689666, 1), (44.024504907246701, 40), (285.89065941753756, 4), (9.198761612290836, 46), (100.3612801368543, 45), (16.410946942014121, 48), (56.328474218338833, 54), (570.17018323818183, 6), (16.631406399135933, 13), (19.553356717257952, 53), (104.74373998302987, 34), (74.440205328169952, 0), (59.222339909870868, 33), (86.230742231613519, 42), (205.48684320006578, 7), (285.81052197088178, 51), (791.72590272438742, 20), (70.449683304315386, 38), (37.280564276263661, 49), (83.481351277868939, 28), (118.97563221702653, 27), (4.4339736464658044, 37), (260.54985204436105, 8), (538.03079302132562, 52), (0.27558303801782363, 11), (183.54339238209658, 14), (185.66548538944352, 2), (150.5620535983135, 36), (87.4670927835583, 41), (15.187494621668742, 3), (75.287323882797551, 30), (372.27398873673684, 18), (304.41709958163585, 56), (41.523556896650021, 43), (86.840406939738614, 35), (225.28596130779164, 55), (67.114871464822144, 32), (60.786191222407872, 31), (267.68716923521436, 10), (263.93045605389568, 25), (32.696661636308548, 47), (171.79292677335775, 19), (138.68802555204147, 29), (342.31638377382382, 16), (92.490295936271295, 44), (90.557261008172574, 9), (39.137908076137258, 21), (82.723888375075745, 12), (160.08136125973593, 26), (324.49091789024487, 24)]


----- SVM_LINEAR Op: 0 --

Attribute list: {0: [50, 23, 4, 46, 54, 13, 34, 8, 52, 2, 36, 41, 30, 18, 56, 32, 10, 47, 16, 12], 1: [17, 22, 6, 53, 7, 49, 14, 3, 35, 55, 31, 25, 19], 2: [15, 39, 5, 40, 45, 48, 0, 33, 42, 51, 20, 38, 28, 27, 37, 11, 43, 29, 44, 9, 21, 26, 24, 1]}
Attribute list: {0: [50, 5, 40, 46, 48, 6, 13, 28, 8, 52, 25, 21], 1: [17, 22, 49, 27, 37, 3, 30, 55, 10, 19, 16], 2: [15, 39, 1, 45, 53, 0, 33, 42, 7, 20, 11, 14, 18, 56, 47, 29, 9, 12], 3: [23, 4, 54, 34, 51, 38, 2, 36, 41, 43, 35, 32, 31, 44, 26, 24]}
Attribute list: {0: [50, 5, 1, 45, 48, 13, 53, 51, 20, 38, 49, 30, 18, 43, 31, 47, 29, 44, 9, 21], 1: [17, 46, 54, 6, 27, 37, 56, 32, 16, 12, 24], 2: [15, 40, 0, 33, 7, 52, 11, 36, 19, 26], 3: [23, 4, 34, 42, 28, 14, 2, 41, 3, 55], 4: [39, 22, 8, 35, 10, 25]}
Attribute list: {0: [50, 22, 3, 10, 29, 16], 1: [17, 46, 54, 34, 0, 49, 52, 11], 2: [15, 40, 20, 38, 28, 2, 30, 55, 26], 3: [23, 48, 6, 13, 14, 35, 19, 21], 4: [39, 4, 53, 33, 51, 8, 36, 41, 43, 25, 47, 44, 9, 12, 1], 5: [5, 45, 42, 7, 27, 37, 18, 56, 32, 31, 24]}
Attribute list: {0: [50, 6, 56, 31, 9], 1: [17, 46, 54, 13, 34, 0, 52, 19], 2: [15, 40, 8, 36, 35, 32, 16, 12], 3: [23, 48, 42, 7, 27, 43, 47, 29, 21], 4: [39, 4, 53, 33, 51, 38, 49, 37, 14, 41, 3, 55, 25, 44, 26, 24], 5: [5, 45, 20, 28, 11, 2, 30, 18], 6: [22, 1, 10]}
Attribute list: {0: [50, 7, 52], 1: [17, 46, 54, 13, 34, 0, 18, 47, 29, 16, 44, 12], 2: [15, 40, 8, 36, 35, 31, 26, 24], 3: [23, 48, 42, 38, 14, 43, 25, 21], 4: [39, 4, 53, 33, 51, 49, 11, 41, 30, 55, 10], 5: [5, 45, 20, 28, 27, 37, 2, 9], 6: [22, 3, 19], 7: [1, 6, 56, 32]}
Attribute list: {0: [50, 7, 52], 1: [17, 46, 54, 13, 34, 0, 10], 2: [15, 42, 8, 11, 25, 26], 3: [23, 48, 27, 14, 16, 21], 4: [39, 4, 53, 33, 37, 2, 41, 3, 30, 43, 32, 29, 12], 5: [5, 45, 18, 35, 55, 47], 6: [22, 19], 7: [1, 51, 20, 38, 49, 28, 36, 44, 24], 8: [40, 6, 56, 31, 9]}
Attribute list: {0: [50, 7, 52, 31], 1: [17, 46, 54, 13, 34, 0, 37], 2: [15, 42, 14, 29, 16, 12], 3: [23, 48, 27, 36, 21], 4: [39, 20, 38, 49, 28, 2, 30, 55], 5: [5, 45, 3, 18, 43, 35, 24], 6: [22, 11, 19], 7: [1, 8, 10], 8: [40, 6, 56, 32], 9: [4, 53, 33, 51, 41, 25, 47, 44, 9, 26]}
Attribute list: {0: [50, 7, 18, 56, 24], 1: [17, 54, 13, 34, 0, 37, 11], 2: [15, 42, 14, 29, 16], 3: [23, 48, 27, 36, 21], 4: [39, 20, 38, 49, 28, 2, 30, 47], 5: [5, 45, 35, 55, 32, 12], 6: [22, 3], 7: [1, 52, 31], 8: [40, 6, 19], 9: [4, 53, 33, 51, 41, 43, 25, 44, 9, 26], 10: [46, 8, 10]}
Attribute list: {0: [50, 20, 38, 28, 2, 32, 29], 1: [17, 54, 34, 37, 3, 16, 24], 2: [15, 42, 55, 26], 3: [23, 48, 27, 36, 21], 4: [39, 8, 31], 5: [5, 35, 19], 6: [22, 11], 7: [1, 14, 10, 47], 8: [40, 0, 7, 49, 18, 56], 9: [4, 53, 33, 51, 41, 43, 25, 44, 9], 10: [46, 52], 11: [45, 6, 13, 30, 12]}

All Data: 

(K,Avg,StD,Max,Min,Swing)
3,0.84902,0.02079,0.87785,0.82960,0.04825
4,0.82602,0.02682,0.85829,0.78505,0.07324
5,0.80404,0.02395,0.82569,0.76788,0.05781
6,0.78918,0.01834,0.81395,0.76049,0.05347
7,0.77623,0.03693,0.85699,0.73484,0.12215
8,0.76462,0.01988,0.79830,0.73571,0.06260
9,0.75590,0.02663,0.81352,0.71419,0.09933
10,0.74625,0.03828,0.82265,0.69028,0.13236
11,0.73790,0.03718,0.82721,0.68898,0.13823
12,0.72919,0.03567,0.79222,0.66225,0.12997

-Detailed Info

3,[0.83960008693762223, 0.82960226037817864, 0.87785264073027602]
4,[0.83807867854814166, 0.78504672897196259, 0.82264725059769617, 0.85829167572266896]
5,[0.8237339708758965, 0.82003912193001527, 0.82569006737665729, 0.78287328841556181, 0.76787654857639642]
6,[0.76048685068463373, 0.77700499891327968, 0.81395348837209303, 0.78135188002608125, 0.80765051075853078, 0.79460986742012607]
7,[0.76266029124103452, 0.78504672897196259, 0.77091936535535754, 0.74440339056726801, 0.85698761138882851, 0.77874375135840035, 0.73484025211910453]
8,[0.76678982829819609, 0.76048685068463373, 0.79830471636600742, 0.73831775700934577, 0.78091719191480113, 0.77787437513584001, 0.73570962834166487, 0.75853075418387306]
9,[0.76678982829819609, 0.71419256683329713, 0.76526841990871552, 0.741795261899587, 0.7648337317974353, 0.73962182134318621, 0.73331884372962397, 0.81351880026081291, 0.76374701151923496]
10,[0.76939795696587698, 0.69028472071288849, 0.75287980873723104, 0.70919365355357533, 0.77526624646815911, 0.75418387307107149, 0.73418821995218431, 0.69593566615953051, 0.75853075418387306, 0.82264725059769617]
11,[0.76439904368615519, 0.68898065637904804, 0.74744620734622913, 0.70919365355357533, 0.7520104325146707, 0.71788741577917847, 0.71484459900021735, 0.75657465768311238, 0.74201260595522711, 0.82721147576613785, 0.69637035427081073]
12,[0.76026950662899373, 0.76266029124103452, 0.75048902412519014, 0.70919365355357533, 0.66224733753531839, 0.68941534449032815, 0.71267115844381657, 0.69267550532492939, 0.72701586611606173, 0.79221908280808517, 0.75396652901543137, 0.73744838078678543]

Done in: 619.7746804051567 seconds


Skipping op 1


Test iteration: 6


yx: [(44.024504907246701, 40), (200.12821121458941, 17), (342.31638377382382, 16), (538.03079302132562, 52), (90.557261008172574, 9), (150.5620535983135, 36), (118.97563221702653, 27), (56.328474218338833, 54), (185.66548538944352, 2), (324.49091789024487, 24), (15.187494621668742, 3), (4.4339736464658044, 37), (342.34624048070634, 15), (16.631406399135933, 13), (263.93045605389568, 25), (86.840406939738614, 35), (19.338322464358864, 50), (205.48684320006578, 7), (138.68802555204147, 29), (4.2048613680689666, 1), (32.696661636308548, 47), (791.72590272438742, 20), (580.53431288035824, 22), (59.222339909870868, 33), (263.06050756047983, 5), (92.490295936271295, 44), (0.27558303801782363, 11), (70.449683304315386, 38), (570.17018323818183, 6), (39.137908076137258, 21), (82.723888375075745, 12), (83.481351277868939, 28), (19.393516620468628, 39), (9.198761612290836, 46), (19.553356717257952, 53), (285.89065941753756, 4), (74.440205328169952, 0), (267.68716923521436, 10), (100.3612801368543, 45), (60.786191222407872, 31), (67.114871464822144, 32), (372.27398873673684, 18), (104.74373998302987, 34), (87.4670927835583, 41), (37.280564276263661, 49), (171.79292677335775, 19), (41.523556896650021, 43), (304.41709958163585, 56), (285.81052197088178, 51), (16.410946942014121, 48), (225.31457895101366, 23), (183.54339238209658, 14), (225.28596130779164, 55), (160.08136125973593, 26), (86.230742231613519, 42), (260.54985204436105, 8), (75.287323882797551, 30)]


----- SVM_LINEAR Op: 0 --

Attribute list: {0: [40, 9, 2, 24, 37, 7, 1, 47, 44, 21, 46, 4, 41, 43, 51, 48, 55, 26, 23], 1: [17, 27, 54, 3, 50, 29, 20, 33, 5, 38, 12, 28, 53, 10, 45, 31, 32, 49, 42, 30, 52, 34], 2: [16, 36, 15, 35, 22, 11, 6, 0, 18, 56, 8, 25, 19, 14]}
Attribute list: {0: [40, 3, 15, 25, 7, 11, 0, 31, 41, 49, 51, 23, 14, 55, 26, 27, 20, 46, 30], 2: [16, 35, 29, 22, 6, 53, 18, 8, 54, 37, 12, 56], 3: [52, 33, 10, 34, 19, 42, 1, 21, 48], 4: [9, 36, 2, 24, 47, 5, 44, 28, 39, 4, 45, 32, 43, 17, 38]}
Attribute list: {0: [40, 15, 25, 7, 11, 0, 41, 49, 23, 26, 17], 2: [16, 35, 29, 6, 12, 39, 53, 56, 22, 19, 8], 3: [52, 10, 31, 34, 14, 42], 4: [9, 3, 13, 20, 33, 5, 18, 55, 30, 37], 5: [36, 2, 24, 1, 47, 44, 38, 21, 28, 46, 4, 45, 32, 43, 51, 48, 27, 54]}
Attribute list: {0: [40, 7, 22, 6, 8], 1: [17, 54, 25, 21, 4, 0, 41, 43, 56, 48, 35], 3: [52, 19, 30, 12], 4: [9, 3, 13, 20, 33, 11, 45, 32, 18, 34, 55, 39], 5: [36, 2, 24, 50, 1, 47, 44, 38, 28, 46, 53, 49, 16, 23], 6: [27, 15, 5, 10, 31, 51, 26, 37, 29, 14, 42]}
Attribute list: {0: [40, 7, 6, 39, 34, 56, 30], 1: [17, 25, 50, 5, 38, 10, 8, 22], 2: [16, 35, 29, 53, 23, 14, 42, 54], 3: [52, 49, 19], 4: [9, 3, 13, 20, 33, 11, 18, 55], 5: [36, 2, 24, 1, 47, 44, 21, 28, 32, 51, 48, 37], 6: [27, 15, 12, 46, 4, 0, 45, 31, 41, 43, 26]}
Attribute list: {0: [40, 20, 33, 11, 38, 0, 55, 30], 1: [17, 25, 50, 21, 4, 41, 19, 23, 13], 2: [16, 35, 10, 14], 3: [52, 31, 49], 5: [36, 15, 29, 1, 12, 53, 43, 26], 6: [27, 7, 6, 56, 18], 7: [54, 22, 8, 9, 3, 5], 8: [2, 24, 37, 47, 44, 39, 45, 32, 51, 48, 42, 28, 46, 34]}
Attribute list: {0: [40, 22, 19], 1: [17, 35, 34, 51, 23, 26, 42, 29], 3: [52], 4: [9, 13, 6, 39, 8], 5: [36, 7, 21, 12, 48, 55, 30, 1], 6: [27, 20, 33, 11, 28, 18, 14], 7: [54, 5, 10, 31, 16], 8: [2, 37, 25, 50, 47, 44, 46, 53, 0, 45, 32, 49], 9: [24, 3, 15, 38, 4, 41, 43, 56]}
Attribute list: {0: [40, 22, 19], 1: [17, 35, 34, 23, 16, 42], 3: [52, 49], 4: [9, 13, 21, 4, 0, 41, 51, 48, 30, 29, 14], 5: [36, 7, 12, 28, 56], 6: [27, 20, 33, 11, 43, 55], 7: [54, 6, 8], 8: [2, 37, 25, 50, 47, 44, 53, 18, 26], 9: [24, 15, 38, 39, 46, 45, 32, 1], 10: [3, 5, 10, 31]}
Attribute list: {0: [40, 22], 1: [17, 35, 50, 46, 51, 8, 21, 48], 2: [16, 39, 14, 42, 10], 3: [52], 5: [36, 7, 12, 28], 6: [27, 20, 33, 11, 0, 55, 30], 7: [54, 1, 4, 31, 41, 49, 43, 23, 9], 8: [2, 25, 29, 44, 53, 18], 9: [24, 15, 47, 38, 45, 32, 56, 26], 10: [3, 6, 13], 11: [37, 5, 34, 19]}
Attribute list: {0: [40, 5, 38], 2: [16, 14, 42], 3: [52], 4: [9, 50, 21, 0, 31, 51, 48, 55, 34], 5: [36, 20, 33, 11], 6: [27, 22, 17, 46], 7: [54, 1, 12, 18, 49, 56, 30], 8: [2, 25, 29, 47, 44, 39, 53, 45, 43, 26], 9: [24, 13, 7, 4, 32, 41], 10: [3, 10, 8], 11: [37, 6, 19], 12: [15, 28, 23, 35]}

All Data: 

(K,Avg,StD,Max,Min,Swing)
3,0.85300,0.01106,0.86764,0.84090,0.02673
4,0.82651,0.01927,0.84916,0.79591,0.05325
5,0.81200,0.02845,0.85699,0.77614,0.08085
6,0.79432,0.01160,0.80939,0.77657,0.03282
7,0.77927,0.01563,0.79961,0.75723,0.04238
8,0.77244,0.02946,0.83569,0.73136,0.10433
9,0.75532,0.02614,0.82134,0.72528,0.09607
10,0.74836,0.02001,0.77809,0.70919,0.06890
11,0.73901,0.04017,0.84047,0.68876,0.15171
12,0.73011,0.03256,0.78548,0.66768,0.11780

-Detailed Info

3,[0.86763747011519232, 0.84090415127146267, 0.85046728971962615]
4,[0.8491632253857857, 0.82895022821125841, 0.79591393175396652, 0.83199304499021953]
5,[0.81895240165181482, 0.82069115409693549, 0.78722016952836338, 0.77613562269071945, 0.85698761138882851]
6,[0.80938926320365134, 0.78678548141708327, 0.77657031080199956, 0.78722016952836338, 0.80504238209084977, 0.80091284503368831]
7,[0.78048250380352102, 0.7852640730276027, 0.75722668985003261, 0.77178874157791788, 0.76135622690719407, 0.79917409258856775, 0.79960878069984787]
8,[0.7646163877417953, 0.78656813736144315, 0.7313627472288633, 0.75918278635079328, 0.76396435557487508, 0.78808954575092371, 0.75005433601391003, 0.83568789393610088]
9,[0.73440556400782442, 0.76657248424255597, 0.75353184090415126, 0.74679417517930879, 0.72527711367094105, 0.75592262551619216, 0.73962182134318621, 0.7544012171267116, 0.82134318626385572]
10,[0.73440556400782442, 0.75244512062595093, 0.7570093457943925, 0.76657248424255597, 0.72223429689198004, 0.75505324929363182, 0.74505542273418823, 0.76352966746359485, 0.77809171919148012, 0.70919365355357533]
11,[0.71267115844381657, 0.72592914583786139, 0.73158009128450341, 0.75353184090415126, 0.68876331232340793, 0.75961747446207351, 0.76135622690719407, 0.74505542273418823, 0.84046946316018256, 0.72136492066941971, 0.68876331232340793]
12,[0.66768093892632041, 0.70006520321669208, 0.75353184090415126, 0.72592914583786139, 0.7263638339491415, 0.73375353184090419, 0.71114975005433601, 0.78548141708324282, 0.7824386003042817, 0.69832645077157141, 0.74136057378830689, 0.73527494023038464]

Done in: 786.6502447989769 seconds


Skipping op 1


Test iteration: 7


yx: [(118.97563221702653, 27), (183.54339238209658, 14), (342.31638377382382, 16), (205.48684320006578, 7), (285.89065941753756, 4), (791.72590272438742, 20), (56.328474218338833, 54), (86.840406939738614, 35), (260.54985204436105, 8), (19.553356717257952, 53), (37.280564276263661, 49), (32.696661636308548, 47), (225.28596130779164, 55), (304.41709958163585, 56), (171.79292677335775, 19), (86.230742231613519, 42), (19.338322464358864, 50), (160.08136125973593, 26), (39.137908076137258, 21), (60.786191222407872, 31), (372.27398873673684, 18), (70.449683304315386, 38), (15.187494621668742, 3), (41.523556896650021, 43), (9.198761612290836, 46), (59.222339909870868, 33), (4.2048613680689666, 1), (83.481351277868939, 28), (44.024504907246701, 40), (90.557261008172574, 9), (185.66548538944352, 2), (16.631406399135933, 13), (324.49091789024487, 24), (263.93045605389568, 25), (225.31457895101366, 23), (74.440205328169952, 0), (104.74373998302987, 34), (82.723888375075745, 12), (285.81052197088178, 51), (67.114871464822144, 32), (4.4339736464658044, 37), (580.53431288035824, 22), (200.12821121458941, 17), (138.68802555204147, 29), (19.393516620468628, 39), (342.34624048070634, 15), (75.287323882797551, 30), (0.27558303801782363, 11), (150.5620535983135, 36), (263.06050756047983, 5), (92.490295936271295, 44), (87.4670927835583, 41), (16.410946942014121, 48), (538.03079302132562, 52), (100.3612801368543, 45), (267.68716923521436, 10), (570.17018323818183, 6)]


----- SVM_LINEAR Op: 0 --

Attribute list: {1: [14, 20, 53, 42, 26, 38, 1, 40, 2, 24, 11, 44, 45, 10, 27, 49, 47, 43, 28, 34, 51, 32], 2: [16, 35, 55, 21, 18, 3, 9, 12, 39, 15, 30, 36, 48, 52, 13, 4, 56, 19, 37, 17, 29, 41], 3: [7, 8, 31, 25, 23, 0, 22, 5, 6, 54, 46, 33]}
Attribute list: {0: [27, 20, 53, 55, 42, 38, 9, 34, 29, 41, 45, 50, 18, 25, 51, 37, 44], 1: [14, 19, 3, 33, 1, 13, 23, 0, 15, 30, 11, 5, 52, 46, 32, 17], 2: [16, 35, 21, 12, 22, 39, 36, 48, 6, 8, 31], 4: [4, 54, 49, 47, 56, 26, 43, 28, 40, 2, 24, 10, 7]}
Attribute list: {0: [27, 54, 8, 51, 22, 10, 6], 1: [14, 19, 3, 13, 23, 34, 5, 52, 35, 15], 3: [7, 18, 38, 33, 28, 2, 37, 29, 44, 45, 21, 12, 17, 30, 48], 4: [4, 53, 56, 50, 31, 43, 46, 9, 24, 32, 11, 36, 41, 16], 5: [20, 49, 47, 55, 42, 26, 1, 40, 25, 0, 39]}
Attribute list: {0: [27, 8, 21, 51, 32, 17, 36, 48, 52], 1: [14, 19, 3, 1, 22, 39, 6], 2: [16, 35, 12, 37, 5, 10], 4: [4, 53, 26, 38, 43, 46, 33, 28, 40, 9, 2, 24, 44, 45, 11], 5: [20, 49, 47, 55, 42, 31, 0, 34, 41, 50, 25], 6: [54, 56, 18, 29, 15, 30, 7, 13, 23]}
Attribute list: {0: [27, 53, 55, 18, 51, 44], 1: [14, 22, 10, 6], 2: [16, 33, 0, 17, 29, 30, 11, 52], 4: [4, 19, 31, 1, 9, 12, 37, 41, 13, 25, 23], 5: [20, 49, 47, 42, 26, 38, 43, 46, 28, 40, 34], 6: [54, 56, 3, 2, 24, 32, 39, 36, 45, 7], 7: [35, 8, 21, 15, 5, 48, 50]}
Attribute list: {0: [27, 53, 56, 9, 2, 24, 32, 44, 45], 1: [14, 22, 6, 11], 2: [16, 33, 12, 29, 10], 4: [4, 19, 31, 1, 37, 39, 30, 41, 52], 5: [20, 49, 47, 42, 26, 43, 46, 28, 40, 25, 0], 6: [54, 21, 3, 23, 34, 17, 48, 13, 5], 7: [35, 55, 18, 38, 51], 8: [8, 15, 36, 7, 50]}
Attribute list: {0: [27, 56, 46, 2, 25, 37, 36, 41, 45], 1: [14, 15, 30, 5, 8], 2: [16, 31, 12, 29, 6], 3: [7, 50, 13, 52], 4: [4, 26, 43, 1, 28, 40, 9, 24, 44], 5: [20, 49, 47, 42, 33, 0, 11, 10], 6: [54, 21, 23, 34, 32, 17, 48], 7: [35, 55, 18, 38, 51], 9: [53, 19, 3, 22, 39]}
Attribute list: {1: [14, 15, 30, 10, 11], 2: [16, 33, 6, 12], 3: [7, 31, 13, 5, 44, 27], 4: [4, 26, 43, 1, 24, 39], 5: [20, 47, 42, 50, 28, 40, 9, 25], 6: [54, 21, 22, 19], 7: [35, 56, 0, 51, 32, 36, 48, 45, 41], 8: [8, 52], 9: [53, 3, 23, 34, 17, 29], 10: [49, 55, 18, 38, 46, 2, 37]}
Attribute list: {1: [14, 5, 10, 27], 2: [16, 29], 3: [7, 33, 13, 52], 4: [4, 21, 31, 43, 28, 24, 32, 37, 39, 44, 41, 48], 5: [20, 42, 50, 26, 40, 9, 25, 45], 6: [54, 3, 1, 22, 11, 19], 7: [35, 56, 0, 36, 2, 12], 8: [8, 6], 9: [53, 51, 15, 30], 10: [49, 55, 18, 38, 46], 11: [47, 23, 34, 17]}
Attribute list: {0: [27, 19, 2, 12], 1: [14, 5, 10], 2: [16, 39], 3: [7, 33, 13, 52], 4: [4, 21, 31, 43, 28, 24, 32, 37, 44, 41, 48], 5: [20, 42, 50, 26, 40, 9, 25, 45], 6: [54, 3, 1, 17, 29, 11, 23], 7: [35, 56, 0, 36, 49], 8: [8, 6], 9: [53, 22], 11: [47, 51, 15, 30], 12: [55, 18, 38, 46, 34]}

All Data: 

(K,Avg,StD,Max,Min,Swing)
3,0.85279,0.01560,0.87438,0.83808,0.03630
4,0.82667,0.00829,0.83873,0.81765,0.02108
5,0.80756,0.01055,0.81634,0.78744,0.02891
6,0.79349,0.03368,0.84721,0.73310,0.11411
7,0.77663,0.01886,0.79635,0.74766,0.04869
8,0.76375,0.02903,0.79744,0.72397,0.07346
9,0.75532,0.02690,0.82265,0.73180,0.09085
10,0.74471,0.02341,0.78092,0.71072,0.07020
11,0.73476,0.03753,0.80569,0.68789,0.11780
12,0.72678,0.04142,0.80569,0.67333,0.13236

-Detailed Info

3,[0.87437513584003479, 0.84590306455118458, 0.83807867854814166]
4,[0.83873071071506189, 0.81764833731797437, 0.82047381004129538, 0.82981960443381875]
5,[0.81417083242773314, 0.81308411214953269, 0.78743751358400349, 0.81634427298413392, 0.80678113453597045]
6,[0.80634644642469033, 0.7980873723103673, 0.73310149967398397, 0.84720712888502503, 0.79200173875244517, 0.78417735274940226]
7,[0.74853292762442947, 0.79417517930884596, 0.78656813736144315, 0.77874375135840035, 0.78439469680504237, 0.79634861986524663, 0.74766355140186913]
8,[0.78722016952836338, 0.7876548576396436, 0.7239730493371006, 0.79547924364268641, 0.79743534014344708, 0.74701151923494891, 0.73179743534014341, 0.73940447728754621]
9,[0.76309497935231474, 0.7391871332319061, 0.76026950662899373, 0.76613779613127586, 0.82264725059769617, 0.74549011084546835, 0.73223212345142363, 0.73179743534014341, 0.73701369267550532]
10,[0.73005868289502285, 0.75309715279287115, 0.71397522277765701, 0.78091719191480113, 0.76700717235383609, 0.73810041295370576, 0.76613779613127586, 0.76331232340795474, 0.7237557052814606, 0.71071506194305589]
11,[0.71527928711149746, 0.68789393610084759, 0.76809389263203653, 0.79504455553140618, 0.80569441425777, 0.73810041295370576, 0.71549663116713758, 0.74222995001086722, 0.7057161486633341, 0.70158661160617253, 0.70723755705281466]
12,[0.67985220604216479, 0.708324277331015, 0.67333188437296243, 0.76809389263203653, 0.79765268419908719, 0.80569441425777, 0.7237557052814606, 0.69593566615953051, 0.74222995001086722, 0.71397522277765701, 0.70962834166485544, 0.70289067594001309]

Done in: 785.5474392080214 seconds


Skipping op 1


Test iteration: 8


yx: [(260.54985204436105, 8), (39.137908076137258, 21), (87.4670927835583, 41), (92.490295936271295, 44), (16.631406399135933, 13), (59.222339909870868, 33), (60.786191222407872, 31), (580.53431288035824, 22), (150.5620535983135, 36), (324.49091789024487, 24), (225.31457895101366, 23), (267.68716923521436, 10), (19.553356717257952, 53), (200.12821121458941, 17), (100.3612801368543, 45), (263.06050756047983, 5), (205.48684320006578, 7), (118.97563221702653, 27), (44.024504907246701, 40), (160.08136125973593, 26), (86.230742231613519, 42), (32.696661636308548, 47), (185.66548538944352, 2), (263.93045605389568, 25), (4.2048613680689666, 1), (183.54339238209658, 14), (41.523556896650021, 43), (37.280564276263661, 49), (74.440205328169952, 0), (56.328474218338833, 54), (342.34624048070634, 15), (19.338322464358864, 50), (0.27558303801782363, 11), (82.723888375075745, 12), (70.449683304315386, 38), (104.74373998302987, 34), (75.287323882797551, 30), (342.31638377382382, 16), (225.28596130779164, 55), (372.27398873673684, 18), (90.557261008172574, 9), (570.17018323818183, 6), (83.481351277868939, 28), (285.81052197088178, 51), (285.89065941753756, 4), (538.03079302132562, 52), (19.393516620468628, 39), (304.41709958163585, 56), (15.187494621668742, 3), (16.410946942014121, 48), (171.79292677335775, 19), (138.68802555204147, 29), (67.114871464822144, 32), (9.198761612290836, 46), (86.840406939738614, 35), (791.72590272438742, 20), (4.4339736464658044, 37)]


----- SVM_LINEAR Op: 0 --

Attribute list: {0: [25, 6, 52, 19, 8, 36, 21, 50, 34, 48, 37, 16, 31, 2, 12], 1: [15, 51, 20, 44, 22, 18, 33, 5, 27, 56, 29, 17, 3], 2: [41, 24, 23, 45, 26, 4, 9, 40, 42, 47, 32, 55, 10, 14, 54, 38, 28, 46, 53, 1, 43, 7]}
Attribute list: {0: [24, 55, 51, 20, 10, 1, 36, 53, 40, 28, 27, 11, 35, 39], 1: [16, 18, 52, 56, 21, 34, 17, 38, 30, 48, 29, 46, 2], 3: [44, 23, 45, 26, 15, 41, 25, 4, 42, 47, 43, 49, 32, 37], 4: [22, 6, 19, 8, 33, 5, 3, 14, 31, 54, 50, 12, 7]}
Attribute list: {0: [24, 45, 26, 2, 43, 32, 51, 47, 54], 1: [5, 30, 55, 18, 20, 21, 49, 38, 28, 48, 40, 0, 39], 3: [44, 23, 25, 15, 56, 41, 4, 29, 36, 1, 37, 46, 33], 4: [22, 6, 19, 8, 31, 7, 11, 50, 14, 16], 5: [17, 27, 52, 10, 53, 12, 34, 42, 3]}
