
 *** *** *** *** NEW FILE OPEN *** *** *** *** 


--------------- Starting analysis for file: datasets/kdd10_2


 *** *** *** *** NEW FILE OPEN *** *** *** *** 


--------------- Starting analysis for file: datasets/sonar.csv

Num features in file: 60

Test iteration: 0


yx: [(47.495832891267192, 10), (37.457509867824946, 11), (29.004286223934358, 48), (27.131260832344356, 9), (26.820036143689233, 44), (25.060951511765353, 47), (23.738692580521114, 8), (22.343560773466184, 12), (21.221950014031354, 45), (20.627895452004925, 46), (19.375252452219407, 50), (18.723807770923276, 51), (16.691837637692544, 43), (16.4184252654041, 0), (16.088633219445271, 35), (13.808264212320731, 3), (12.899798461446577, 20), (11.941449023868669, 42), (11.637275600035446, 1), (11.261433371842793, 34), (10.894077790548751, 19), (10.702293250687369, 4), (9.4144445587586407, 36), (8.7055278173075994, 21), (7.9012538219323671, 2), (7.6574471658476906, 7), (7.2342552838959513, 57), (7.11257192540626, 53), (6.9156472474261035, 49), (6.2808820791415041, 33), (5.2249101431951184, 13), (4.3711677882158817, 41), (4.2314200113047358, 52), (4.0113109786901848, 18), (3.6714008560031135, 5), (3.5871685409709042, 58), (3.5048006308278192, 55), (3.3993865956311424, 22), (2.7486417955249718, 6), (2.5570635431411284, 30), (2.3941324061756064, 32), (1.9016178382689797, 54), (1.6843218646658051, 59), (1.4112086152233529, 27), (1.1355422489026403, 23), (0.679007545434819, 14), (0.66935575266369385, 38), (0.63131896945725297, 31), (0.6249705714521393, 26), (0.33890044492505467, 37), (0.27690487173266765, 28), (0.26624549821411897, 39), (0.16236329075051348, 25), (0.13200342427515516, 24), (0.090384948803169454, 40), (0.043991491426656058, 17), (0.027631553823614891, 15), (0.0036667242250538724, 29), (0.0032452480365705015, 16), (0.0001791619563381731, 56)]


----- SVM_LINEAR Op: 0 --

Attribute list: {0: [10, 11, 48, 9, 44, 47, 8, 12, 45, 46, 50, 51, 43, 0, 35, 3, 20, 42, 1, 34, 19, 4, 36, 21, 2, 7, 57, 53, 49, 33, 13, 41, 52, 18, 5, 58, 55, 22, 6, 30, 32, 54, 59, 27, 23, 14, 38, 31, 26, 37, 28, 39, 25, 24, 40, 17, 15, 29, 16, 56]}
Attribute list: {0: [10, 48, 44, 8, 45, 50, 43, 35, 20, 1, 19, 36, 2, 57, 49, 13, 52, 5, 55, 6, 32, 59, 23, 38, 26, 28, 25, 40, 15, 16], 1: [11, 9, 47, 12, 46, 51, 0, 3, 42, 34, 4, 21, 7, 53, 33, 41, 18, 58, 22, 30, 54, 27, 14, 31, 37, 39, 24, 17, 29, 56]}
Attribute list: {0: [10, 9, 8, 46, 43, 3, 1, 4, 2, 53, 13, 18, 55, 30, 59, 14, 26, 39, 40, 29], 1: [11, 44, 12, 50, 0, 20, 34, 36, 7, 49, 41, 5, 22, 32, 27, 38, 37, 25, 17, 16], 2: [48, 47, 45, 51, 35, 42, 19, 21, 57, 33, 52, 58, 6, 54, 23, 31, 28, 24, 15, 56]}
Attribute list: {0: [10, 44, 45, 43, 20, 19, 2, 49, 52, 55, 32, 23, 26, 25, 15], 1: [11, 47, 46, 0, 42, 4, 7, 33, 18, 22, 54, 14, 37, 24, 29], 2: [48, 8, 50, 35, 1, 36, 57, 13, 5, 6, 59, 38, 28, 40, 16], 3: [9, 12, 51, 3, 34, 21, 53, 41, 58, 30, 27, 31, 39, 17, 56]}
Attribute list: {0: [10, 47, 50, 3, 19, 7, 13, 58, 32, 14, 28, 17], 1: [11, 8, 51, 20, 4, 57, 41, 55, 54, 38, 39, 15], 2: [48, 12, 43, 42, 36, 53, 52, 22, 59, 31, 25, 29], 3: [9, 45, 0, 1, 21, 49, 18, 6, 27, 26, 24, 16], 4: [44, 46, 35, 34, 2, 33, 5, 30, 23, 37, 40, 56]}
Attribute list: {0: [10, 8, 43, 1, 2, 13, 55, 59, 26, 40], 1: [11, 12, 0, 34, 7, 41, 22, 27, 37, 17], 2: [48, 45, 35, 19, 57, 52, 6, 23, 28, 15], 3: [9, 46, 3, 4, 53, 18, 30, 14, 39, 29], 4: [44, 50, 20, 36, 49, 5, 32, 38, 25, 16], 5: [47, 51, 42, 21, 33, 58, 54, 31, 24, 56]}
Attribute list: {0: [10, 12, 35, 4, 49, 58, 59, 37, 15], 1: [11, 45, 3, 36, 33, 55, 27, 28, 29], 2: [48, 46, 20, 21, 13, 22, 23, 39, 16], 3: [9, 50, 42, 2, 41, 6, 14, 25, 56], 4: [44, 51, 1, 7, 52, 30, 38, 24], 5: [47, 43, 34, 57, 18, 32, 31, 40], 6: [8, 0, 19, 53, 5, 54, 26, 17]}
Attribute list: {0: [10, 45, 20, 2, 52, 32, 26, 15], 1: [11, 46, 42, 7, 18, 54, 37, 29], 2: [48, 50, 1, 57, 5, 59, 28, 16], 3: [9, 51, 34, 53, 58, 27, 39, 56], 4: [44, 43, 19, 49, 55, 23, 25], 5: [47, 0, 4, 33, 22, 14, 24], 6: [8, 35, 36, 13, 6, 38, 40], 7: [12, 3, 21, 41, 30, 31, 17]}
Attribute list: {0: [10, 46, 1, 53, 55, 14, 40], 1: [11, 50, 34, 49, 22, 38, 17], 2: [48, 51, 19, 33, 6, 31, 15], 3: [9, 43, 4, 13, 30, 26, 29], 4: [44, 0, 36, 41, 32, 37, 16], 5: [47, 35, 21, 52, 54, 28, 56], 6: [8, 3, 2, 18, 59, 39], 7: [12, 20, 7, 5, 27, 25], 8: [45, 42, 57, 58, 23, 24]}
Attribute list: {0: [10, 50, 19, 13, 32, 28], 1: [11, 51, 4, 41, 54, 39], 2: [48, 43, 36, 52, 59, 25], 3: [9, 0, 21, 18, 27, 24], 4: [44, 35, 2, 5, 23, 40], 5: [47, 3, 7, 58, 14, 17], 6: [8, 20, 57, 55, 38, 15], 7: [12, 42, 53, 22, 31, 29], 8: [45, 1, 49, 6, 26, 16], 9: [46, 34, 33, 30, 37, 56]}
Attribute list: {0: [10, 51, 36, 18, 23, 17], 1: [11, 43, 21, 5, 14, 15], 2: [48, 0, 2, 58, 38, 29], 3: [9, 35, 7, 55, 31, 16], 4: [44, 3, 57, 22, 26, 56], 5: [47, 20, 53, 6, 37], 6: [8, 42, 49, 30, 28], 7: [12, 1, 33, 32, 39], 8: [45, 34, 13, 54, 25], 9: [46, 19, 41, 59, 24], 10: [50, 4, 52, 27, 40]}
Attribute list: {0: [10, 43, 2, 55, 26], 1: [11, 0, 7, 22, 37], 2: [48, 35, 57, 6, 28], 3: [9, 3, 53, 30, 39], 4: [44, 20, 49, 32, 25], 5: [47, 42, 33, 54, 24], 6: [8, 1, 13, 59, 40], 7: [12, 34, 41, 27, 17], 8: [45, 19, 52, 23, 15], 9: [46, 4, 18, 14, 29], 10: [50, 36, 5, 38, 16], 11: [51, 21, 58, 31, 56]}
Attribute list: {0: [10, 0, 57, 30, 25], 1: [11, 35, 53, 32, 24], 2: [48, 3, 49, 54, 40], 3: [9, 20, 33, 59, 17], 4: [44, 42, 13, 27, 15], 5: [47, 1, 41, 23, 29], 6: [8, 34, 52, 14, 16], 7: [12, 19, 18, 38, 56], 8: [45, 4, 5, 31], 9: [46, 36, 58, 26], 10: [50, 21, 55, 37], 11: [51, 2, 22, 28], 12: [43, 7, 6, 39]}
Attribute list: {0: [10, 35, 49, 59, 15], 1: [11, 3, 33, 27, 29], 2: [48, 20, 13, 23, 16], 3: [9, 42, 41, 14, 56], 4: [44, 1, 52, 38], 5: [47, 34, 18, 31], 6: [8, 19, 5, 26], 7: [12, 4, 58, 37], 8: [45, 36, 55, 28], 9: [46, 21, 22, 39], 10: [50, 2, 6, 25], 11: [51, 7, 30, 24], 12: [43, 57, 32, 40], 13: [0, 53, 54, 17]}
Attribute list: {0: [10, 3, 13, 14], 1: [11, 20, 41, 38], 2: [48, 42, 52, 31], 3: [9, 1, 18, 26], 4: [44, 34, 5, 37], 5: [47, 19, 58, 28], 6: [8, 4, 55, 39], 7: [12, 36, 22, 25], 8: [45, 21, 6, 24], 9: [46, 2, 30, 40], 10: [50, 7, 32, 17], 11: [51, 57, 54, 15], 12: [43, 53, 59, 29], 13: [0, 49, 27, 16], 14: [35, 33, 23, 56]}
Attribute list: {0: [10, 20, 52, 26], 1: [11, 42, 18, 37], 2: [48, 1, 5, 28], 3: [9, 34, 58, 39], 4: [44, 19, 55, 25], 5: [47, 4, 22, 24], 6: [8, 36, 6, 40], 7: [12, 21, 30, 17], 8: [45, 2, 32, 15], 9: [46, 7, 54, 29], 10: [50, 57, 59, 16], 11: [51, 53, 27, 56], 12: [43, 49, 23], 13: [0, 33, 14], 14: [35, 13, 38], 15: [3, 41, 31]}
Attribute list: {0: [10, 42, 5, 39], 1: [11, 1, 58, 25], 2: [48, 34, 55, 24], 3: [9, 19, 22, 40], 4: [44, 4, 6, 17], 5: [47, 36, 30, 15], 6: [8, 21, 32, 29], 7: [12, 2, 54, 16], 8: [45, 7, 59, 56], 9: [46, 57, 27], 10: [50, 53, 23], 11: [51, 49, 14], 12: [43, 33, 38], 13: [0, 13, 31], 14: [35, 41, 26], 15: [3, 52, 37], 16: [20, 18, 28]}
Attribute list: {0: [10, 1, 55, 40], 1: [11, 34, 22, 17], 2: [48, 19, 6, 15], 3: [9, 4, 30, 29], 4: [44, 36, 32, 16], 5: [47, 21, 54, 56], 6: [8, 2, 59], 7: [12, 7, 27], 8: [45, 57, 23], 9: [46, 53, 14], 10: [50, 49, 38], 11: [51, 33, 31], 12: [43, 13, 26], 13: [0, 41, 37], 14: [35, 52, 28], 15: [3, 18, 39], 16: [20, 5, 25], 17: [42, 58, 24]}
Attribute list: {0: [10, 34, 6, 29], 1: [11, 19, 30, 16], 2: [48, 4, 32, 56], 3: [9, 36, 54], 4: [44, 21, 59], 5: [47, 2, 27], 6: [8, 7, 23], 7: [12, 57, 14], 8: [45, 53, 38], 9: [46, 49, 31], 10: [50, 33, 26], 11: [51, 13, 37], 12: [43, 41, 28], 13: [0, 52, 39], 14: [35, 18, 25], 15: [3, 5, 24], 16: [20, 58, 40], 17: [42, 55, 17], 18: [1, 22, 15]}
Attribute list: {0: [10, 19, 32], 1: [11, 4, 54], 2: [48, 36, 59], 3: [9, 21, 27], 4: [44, 2, 23], 5: [47, 7, 14], 6: [8, 57, 38], 7: [12, 53, 31], 8: [45, 49, 26], 9: [46, 33, 37], 10: [50, 13, 28], 11: [51, 41, 39], 12: [43, 52, 25], 13: [0, 18, 24], 14: [35, 5, 40], 15: [3, 58, 17], 16: [20, 55, 15], 17: [42, 22, 29], 18: [1, 6, 16], 19: [34, 30, 56]}

All Data: 

{K,Avg,StD,Max,Min,Swing)
1,0.91827,0.00000,0.91827,0.91827,0.00000
2,0.84856,0.00240,0.85096,0.84615,0.00481
3,0.80128,0.00227,0.80288,0.79808,0.00481
4,0.78365,0.01799,0.80288,0.75481,0.04808
5,0.78462,0.02049,0.81731,0.76442,0.05288
6,0.74439,0.02639,0.78846,0.71154,0.07692
7,0.72115,0.03768,0.76923,0.66346,0.10577
8,0.72776,0.03565,0.78846,0.65865,0.12981
9,0.72009,0.03203,0.76923,0.67308,0.09615
10,0.71250,0.04061,0.76442,0.64423,0.12019
11,0.72159,0.03698,0.78846,0.68269,0.10577
12,0.69431,0.01761,0.72115,0.66346,0.05769
13,0.69379,0.02862,0.74519,0.64904,0.09615
14,0.68475,0.04123,0.76923,0.61058,0.15865
15,0.68333,0.03198,0.75481,0.62500,0.12981
16,0.68960,0.03166,0.73558,0.64423,0.09135
17,0.66572,0.04130,0.74038,0.57692,0.16346
18,0.66960,0.03448,0.71154,0.61058,0.10096
19,0.66169,0.04092,0.74519,0.58173,0.16346
20,0.66514,0.04015,0.74519,0.59135,0.15385

-Detailed Info

1,[0.91826923076923073]
2,[0.84615384615384615, 0.85096153846153844]
3,[0.79807692307692313, 0.80288461538461542, 0.80288461538461542]
4,[0.80288461538461542, 0.75480769230769229, 0.79326923076923073, 0.78365384615384615]
5,[0.81730769230769229, 0.79807692307692313, 0.76442307692307687, 0.76442307692307687, 0.77884615384615385]
6,[0.73076923076923073, 0.74038461538461542, 0.76923076923076927, 0.78846153846153844, 0.71153846153846156, 0.72596153846153844]
7,[0.76923076923076927, 0.75961538461538458, 0.71153846153846156, 0.75, 0.67788461538461542, 0.71634615384615385, 0.66346153846153844]
8,[0.78846153846153844, 0.75, 0.69711538461538458, 0.74038461538461542, 0.65865384615384615, 0.73557692307692313, 0.73076923076923073, 0.72115384615384615]
9,[0.76923076923076927, 0.74519230769230771, 0.73557692307692313, 0.73076923076923073, 0.72596153846153844, 0.74038461538461542, 0.68269230769230771, 0.67788461538461542, 0.67307692307692313]
10,[0.76442307692307687, 0.75, 0.73557692307692313, 0.71634615384615385, 0.76442307692307687, 0.71634615384615385, 0.66346153846153844, 0.66826923076923073, 0.70192307692307687, 0.64423076923076927]
11,[0.78846153846153844, 0.77403846153846156, 0.70192307692307687, 0.74519230769230771, 0.75961538461538458, 0.69230769230769229, 0.72115384615384615, 0.68269230769230771, 0.6875, 0.70192307692307687, 0.68269230769230771]
12,[0.72115384615384615, 0.70192307692307687, 0.68269230769230771, 0.70192307692307687, 0.66826923076923073, 0.70673076923076927, 0.70192307692307687, 0.67307692307692313, 0.69230769230769229, 0.70673076923076927, 0.71153846153846156, 0.66346153846153844]
13,[0.73076923076923073, 0.71153846153846156, 0.74519230769230771, 0.68269230769230771, 0.69230769230769229, 0.72596153846153844, 0.71153846153846156, 0.64903846153846156, 0.6875, 0.69230769230769229, 0.65865384615384615, 0.66346153846153844, 0.66826923076923073]
14,[0.76923076923076927, 0.74038461538461542, 0.69711538461538458, 0.67788461538461542, 0.65384615384615385, 0.71634615384615385, 0.66346153846153844, 0.64903846153846156, 0.70673076923076927, 0.71634615384615385, 0.67307692307692313, 0.63461538461538458, 0.67788461538461542, 0.61057692307692313]
15,[0.75480769230769229, 0.69230769230769229, 0.69711538461538458, 0.70673076923076927, 0.69230769230769229, 0.69230769230769229, 0.69711538461538458, 0.68269230769230771, 0.69711538461538458, 0.70673076923076927, 0.66826923076923073, 0.63942307692307687, 0.625, 0.63461538461538458, 0.66346153846153844]
16,[0.73557692307692313, 0.73557692307692313, 0.70192307692307687, 0.72115384615384615, 0.69230769230769229, 0.71634615384615385, 0.73076923076923073, 0.69711538461538458, 0.69711538461538458, 0.64903846153846156, 0.67788461538461542, 0.67307692307692313, 0.64423076923076927, 0.65384615384615385, 0.66346153846153844, 0.64423076923076927]
17,[0.73557692307692313, 0.74038461538461542, 0.69711538461538458, 0.69230769230769229, 0.66346153846153844, 0.69230769230769229, 0.67307692307692313, 0.66346153846153844, 0.66346153846153844, 0.63461538461538458, 0.68269230769230771, 0.64423076923076927, 0.65865384615384615, 0.57692307692307687, 0.67788461538461542, 0.62019230769230771, 0.60096153846153844]
18,[0.71153846153846156, 0.71153846153846156, 0.70673076923076927, 0.71153846153846156, 0.6875, 0.67788461538461542, 0.70192307692307687, 0.70192307692307687, 0.68269230769230771, 0.66826923076923073, 0.67307692307692313, 0.61057692307692313, 0.61057692307692313, 0.65384615384615385, 0.64423076923076927, 0.62980769230769229, 0.64423076923076927, 0.625]
19,[0.74519230769230771, 0.68269230769230771, 0.70192307692307687, 0.72596153846153844, 0.65865384615384615, 0.70192307692307687, 0.69230769230769229, 0.67307692307692313, 0.64423076923076927, 0.66826923076923073, 0.63942307692307687, 0.62980769230769229, 0.59615384615384615, 0.58173076923076927, 0.66826923076923073, 0.62980769230769229, 0.67307692307692313, 0.63942307692307687, 0.62019230769230771]
20,[0.74038461538461542, 0.74519230769230771, 0.68269230769230771, 0.70192307692307687, 0.6875, 0.69230769230769229, 0.72115384615384615, 0.67307692307692313, 0.65384615384615385, 0.64423076923076927, 0.64423076923076927, 0.64903846153846156, 0.63942307692307687, 0.64903846153846156, 0.67307692307692313, 0.59134615384615385, 0.63461538461538458, 0.63942307692307687, 0.63942307692307687, 0.60096153846153844]

Done in: 1.9391150869996636 seconds


----- SVM_LINEAR Op: 1 --

Attribute list: {0: [10, 11, 48, 9, 44, 47, 8, 12, 45, 46, 50, 51, 43, 0, 35, 3, 20, 42, 1, 34, 19, 4, 36, 21, 2, 7, 57, 53, 49, 33, 13, 41, 52, 18, 5, 58, 55, 22, 6, 30, 32, 54, 59, 27, 23, 14, 38, 31, 26, 37, 28, 39, 25, 24, 40, 17, 15, 29, 16, 56]}
Attribute list: {0: [10, 48, 44, 8, 45, 50, 43, 35, 20, 1, 19, 36, 2, 57, 49, 13, 52, 5, 55, 6, 32, 59, 23, 38, 26, 28, 25, 40, 15, 16], 1: [11, 9, 47, 12, 46, 51, 0, 3, 42, 34, 4, 21, 7, 53, 33, 41, 18, 58, 22, 30, 54, 27, 14, 31, 37, 39, 24, 17, 29, 56]}
Attribute list: {0: [10, 9, 8, 46, 43, 3, 1, 4, 2, 53, 13, 18, 55, 30, 59, 14, 26, 39, 40, 29], 1: [11, 44, 12, 50, 0, 20, 34, 36, 7, 49, 41, 5, 22, 32, 27, 38, 37, 25, 17, 16], 2: [48, 47, 45, 51, 35, 42, 19, 21, 57, 33, 52, 58, 6, 54, 23, 31, 28, 24, 15, 56]}
Attribute list: {0: [10, 44, 45, 43, 20, 19, 2, 49, 52, 55, 32, 23, 26, 25, 15], 1: [11, 47, 46, 0, 42, 4, 7, 33, 18, 22, 54, 14, 37, 24, 29], 2: [48, 8, 50, 35, 1, 36, 57, 13, 5, 6, 59, 38, 28, 40, 16], 3: [9, 12, 51, 3, 34, 21, 53, 41, 58, 30, 27, 31, 39, 17, 56]}
Attribute list: {0: [10, 47, 50, 3, 19, 7, 13, 58, 32, 14, 28, 17], 1: [11, 8, 51, 20, 4, 57, 41, 55, 54, 38, 39, 15], 2: [48, 12, 43, 42, 36, 53, 52, 22, 59, 31, 25, 29], 3: [9, 45, 0, 1, 21, 49, 18, 6, 27, 26, 24, 16], 4: [44, 46, 35, 34, 2, 33, 5, 30, 23, 37, 40, 56]}
Attribute list: {0: [10, 8, 43, 1, 2, 13, 55, 59, 26, 40], 1: [11, 12, 0, 34, 7, 41, 22, 27, 37, 17], 2: [48, 45, 35, 19, 57, 52, 6, 23, 28, 15], 3: [9, 46, 3, 4, 53, 18, 30, 14, 39, 29], 4: [44, 50, 20, 36, 49, 5, 32, 38, 25, 16], 5: [47, 51, 42, 21, 33, 58, 54, 31, 24, 56]}
Attribute list: {0: [10, 12, 35, 4, 49, 58, 59, 37, 15], 1: [11, 45, 3, 36, 33, 55, 27, 28, 29], 2: [48, 46, 20, 21, 13, 22, 23, 39, 16], 3: [9, 50, 42, 2, 41, 6, 14, 25, 56], 4: [44, 51, 1, 7, 52, 30, 38, 24], 5: [47, 43, 34, 57, 18, 32, 31, 40], 6: [8, 0, 19, 53, 5, 54, 26, 17]}
Attribute list: {0: [10, 45, 20, 2, 52, 32, 26, 15], 1: [11, 46, 42, 7, 18, 54, 37, 29], 2: [48, 50, 1, 57, 5, 59, 28, 16], 3: [9, 51, 34, 53, 58, 27, 39, 56], 4: [44, 43, 19, 49, 55, 23, 25], 5: [47, 0, 4, 33, 22, 14, 24], 6: [8, 35, 36, 13, 6, 38, 40], 7: [12, 3, 21, 41, 30, 31, 17]}
Attribute list: {0: [10, 46, 1, 53, 55, 14, 40], 1: [11, 50, 34, 49, 22, 38, 17], 2: [48, 51, 19, 33, 6, 31, 15], 3: [9, 43, 4, 13, 30, 26, 29], 4: [44, 0, 36, 41, 32, 37, 16], 5: [47, 35, 21, 52, 54, 28, 56], 6: [8, 3, 2, 18, 59, 39], 7: [12, 20, 7, 5, 27, 25], 8: [45, 42, 57, 58, 23, 24]}
Attribute list: {0: [10, 50, 19, 13, 32, 28], 1: [11, 51, 4, 41, 54, 39], 2: [48, 43, 36, 52, 59, 25], 3: [9, 0, 21, 18, 27, 24], 4: [44, 35, 2, 5, 23, 40], 5: [47, 3, 7, 58, 14, 17], 6: [8, 20, 57, 55, 38, 15], 7: [12, 42, 53, 22, 31, 29], 8: [45, 1, 49, 6, 26, 16], 9: [46, 34, 33, 30, 37, 56]}
Attribute list: {0: [10, 51, 36, 18, 23, 17], 1: [11, 43, 21, 5, 14, 15], 2: [48, 0, 2, 58, 38, 29], 3: [9, 35, 7, 55, 31, 16], 4: [44, 3, 57, 22, 26, 56], 5: [47, 20, 53, 6, 37], 6: [8, 42, 49, 30, 28], 7: [12, 1, 33, 32, 39], 8: [45, 34, 13, 54, 25], 9: [46, 19, 41, 59, 24], 10: [50, 4, 52, 27, 40]}
Attribute list: {0: [10, 43, 2, 55, 26], 1: [11, 0, 7, 22, 37], 2: [48, 35, 57, 6, 28], 3: [9, 3, 53, 30, 39], 4: [44, 20, 49, 32, 25], 5: [47, 42, 33, 54, 24], 6: [8, 1, 13, 59, 40], 7: [12, 34, 41, 27, 17], 8: [45, 19, 52, 23, 15], 9: [46, 4, 18, 14, 29], 10: [50, 36, 5, 38, 16], 11: [51, 21, 58, 31, 56]}
Attribute list: {0: [10, 0, 57, 30, 25], 1: [11, 35, 53, 32, 24], 2: [48, 3, 49, 54, 40], 3: [9, 20, 33, 59, 17], 4: [44, 42, 13, 27, 15], 5: [47, 1, 41, 23, 29], 6: [8, 34, 52, 14, 16], 7: [12, 19, 18, 38, 56], 8: [45, 4, 5, 31], 9: [46, 36, 58, 26], 10: [50, 21, 55, 37], 11: [51, 2, 22, 28], 12: [43, 7, 6, 39]}
Attribute list: {0: [10, 35, 49, 59, 15], 1: [11, 3, 33, 27, 29], 2: [48, 20, 13, 23, 16], 3: [9, 42, 41, 14, 56], 4: [44, 1, 52, 38], 5: [47, 34, 18, 31], 6: [8, 19, 5, 26], 7: [12, 4, 58, 37], 8: [45, 36, 55, 28], 9: [46, 21, 22, 39], 10: [50, 2, 6, 25], 11: [51, 7, 30, 24], 12: [43, 57, 32, 40], 13: [0, 53, 54, 17]}
Attribute list: {0: [10, 3, 13, 14], 1: [11, 20, 41, 38], 2: [48, 42, 52, 31], 3: [9, 1, 18, 26], 4: [44, 34, 5, 37], 5: [47, 19, 58, 28], 6: [8, 4, 55, 39], 7: [12, 36, 22, 25], 8: [45, 21, 6, 24], 9: [46, 2, 30, 40], 10: [50, 7, 32, 17], 11: [51, 57, 54, 15], 12: [43, 53, 59, 29], 13: [0, 49, 27, 16], 14: [35, 33, 23, 56]}
Attribute list: {0: [10, 20, 52, 26], 1: [11, 42, 18, 37], 2: [48, 1, 5, 28], 3: [9, 34, 58, 39], 4: [44, 19, 55, 25], 5: [47, 4, 22, 24], 6: [8, 36, 6, 40], 7: [12, 21, 30, 17], 8: [45, 2, 32, 15], 9: [46, 7, 54, 29], 10: [50, 57, 59, 16], 11: [51, 53, 27, 56], 12: [43, 49, 23], 13: [0, 33, 14], 14: [35, 13, 38], 15: [3, 41, 31]}
Attribute list: {0: [10, 42, 5, 39], 1: [11, 1, 58, 25], 2: [48, 34, 55, 24], 3: [9, 19, 22, 40], 4: [44, 4, 6, 17], 5: [47, 36, 30, 15], 6: [8, 21, 32, 29], 7: [12, 2, 54, 16], 8: [45, 7, 59, 56], 9: [46, 57, 27], 10: [50, 53, 23], 11: [51, 49, 14], 12: [43, 33, 38], 13: [0, 13, 31], 14: [35, 41, 26], 15: [3, 52, 37], 16: [20, 18, 28]}
Attribute list: {0: [10, 1, 55, 40], 1: [11, 34, 22, 17], 2: [48, 19, 6, 15], 3: [9, 4, 30, 29], 4: [44, 36, 32, 16], 5: [47, 21, 54, 56], 6: [8, 2, 59], 7: [12, 7, 27], 8: [45, 57, 23], 9: [46, 53, 14], 10: [50, 49, 38], 11: [51, 33, 31], 12: [43, 13, 26], 13: [0, 41, 37], 14: [35, 52, 28], 15: [3, 18, 39], 16: [20, 5, 25], 17: [42, 58, 24]}
Attribute list: {0: [10, 34, 6, 29], 1: [11, 19, 30, 16], 2: [48, 4, 32, 56], 3: [9, 36, 54], 4: [44, 21, 59], 5: [47, 2, 27], 6: [8, 7, 23], 7: [12, 57, 14], 8: [45, 53, 38], 9: [46, 49, 31], 10: [50, 33, 26], 11: [51, 13, 37], 12: [43, 41, 28], 13: [0, 52, 39], 14: [35, 18, 25], 15: [3, 5, 24], 16: [20, 58, 40], 17: [42, 55, 17], 18: [1, 22, 15]}
Attribute list: {0: [10, 19, 32], 1: [11, 4, 54], 2: [48, 36, 59], 3: [9, 21, 27], 4: [44, 2, 23], 5: [47, 7, 14], 6: [8, 57, 38], 7: [12, 53, 31], 8: [45, 49, 26], 9: [46, 33, 37], 10: [50, 13, 28], 11: [51, 41, 39], 12: [43, 52, 25], 13: [0, 18, 24], 14: [35, 5, 40], 15: [3, 58, 17], 16: [20, 55, 15], 17: [42, 22, 29], 18: [1, 6, 16], 19: [34, 30, 56]}

All Data: 

{K,Avg,StD,Max,Min,Swing)
1,0.76442,0.00000,0.76442,0.76442,0.00000
2,0.75481,0.01923,0.77404,0.73558,0.03846
3,0.74359,0.00817,0.75481,0.73558,0.01923
4,0.73558,0.02280,0.76923,0.70673,0.06250
5,0.73173,0.02810,0.75481,0.67788,0.07692
6,0.71394,0.02973,0.76923,0.66827,0.10096
7,0.71085,0.04171,0.77404,0.65865,0.11538
8,0.70072,0.03150,0.75962,0.64904,0.11058
9,0.69231,0.02266,0.71635,0.65865,0.05769
10,0.68942,0.03004,0.73077,0.64423,0.08654
11,0.67920,0.05607,0.75962,0.54808,0.21154
12,0.67628,0.03356,0.74519,0.63462,0.11058
13,0.66716,0.02600,0.72115,0.62019,0.10096
14,0.66449,0.05175,0.75000,0.55769,0.19231
15,0.66282,0.04937,0.73558,0.53365,0.20192
16,0.65895,0.04887,0.72596,0.53365,0.19231
17,0.66120,0.05189,0.75962,0.53365,0.22596
18,0.66533,0.02854,0.70673,0.61058,0.09615
19,0.64879,0.05226,0.74519,0.53365,0.21154
20,0.64351,0.05891,0.75962,0.53365,0.22596

-Detailed Info

1,[0.76442307692307687]
2,[0.77403846153846156, 0.73557692307692313]
3,[0.75480769230769229, 0.73557692307692313, 0.74038461538461542]
4,[0.72596153846153844, 0.76923076923076927, 0.70673076923076927, 0.74038461538461542]
5,[0.75, 0.73076923076923073, 0.75480769230769229, 0.74519230769230771, 0.67788461538461542]
6,[0.66826923076923073, 0.71634615384615385, 0.76923076923076927, 0.70192307692307687, 0.71153846153846156, 0.71634615384615385]
7,[0.77403846153846156, 0.76923076923076927, 0.67307692307692313, 0.71153846153846156, 0.6875, 0.70192307692307687, 0.65865384615384615]
8,[0.73557692307692313, 0.75961538461538458, 0.69711538461538458, 0.6875, 0.68269230769230771, 0.69230769230769229, 0.70192307692307687, 0.64903846153846156]
9,[0.71634615384615385, 0.71153846153846156, 0.70192307692307687, 0.71634615384615385, 0.68269230769230771, 0.71153846153846156, 0.66346153846153844, 0.65865384615384615, 0.66826923076923073]
10,[0.72596153846153844, 0.73076923076923073, 0.71634615384615385, 0.70192307692307687, 0.68269230769230771, 0.70673076923076927, 0.64423076923076927, 0.67788461538461542, 0.65865384615384615, 0.64903846153846156]
11,[0.75961538461538458, 0.74519230769230771, 0.64903846153846156, 0.70673076923076927, 0.66826923076923073, 0.68269230769230771, 0.72115384615384615, 0.62980769230769229, 0.66346153846153844, 0.69711538461538458, 0.54807692307692313]
12,[0.72115384615384615, 0.74519230769230771, 0.64423076923076927, 0.63461538461538458, 0.69711538461538458, 0.66346153846153844, 0.6875, 0.6875, 0.68269230769230771, 0.67788461538461542, 0.63461538461538458, 0.63942307692307687]
13,[0.72115384615384615, 0.70192307692307687, 0.67307692307692313, 0.65384615384615385, 0.62019230769230771, 0.6875, 0.66346153846153844, 0.65384615384615385, 0.68269230769230771, 0.65865384615384615, 0.64423076923076927, 0.63942307692307687, 0.67307692307692313]
14,[0.75, 0.74038461538461542, 0.69230769230769229, 0.67307692307692313, 0.63942307692307687, 0.71634615384615385, 0.67307692307692313, 0.66346153846153844, 0.67307692307692313, 0.63461538461538458, 0.55769230769230771, 0.65865384615384615, 0.65384615384615385, 0.57692307692307687]
15,[0.71634615384615385, 0.73557692307692313, 0.67307692307692313, 0.70192307692307687, 0.68269230769230771, 0.68269230769230771, 0.69711538461538458, 0.69711538461538458, 0.65384615384615385, 0.67307692307692313, 0.61057692307692313, 0.53365384615384615, 0.625, 0.61538461538461542, 0.64423076923076927]
16,[0.72596153846153844, 0.71634615384615385, 0.69230769230769229, 0.65865384615384615, 0.69711538461538458, 0.6875, 0.6875, 0.625, 0.64903846153846156, 0.70673076923076927, 0.53365384615384615, 0.59615384615384615, 0.64903846153846156, 0.64903846153846156, 0.66346153846153844, 0.60576923076923073]
17,[0.75, 0.75961538461538458, 0.69711538461538458, 0.67788461538461542, 0.67307692307692313, 0.67307692307692313, 0.63942307692307687, 0.67307692307692313, 0.66346153846153844, 0.69230769230769229, 0.60576923076923073, 0.63461538461538458, 0.63942307692307687, 0.61057692307692313, 0.6875, 0.53365384615384615, 0.62980769230769229]
18,[0.70673076923076927, 0.6875, 0.68269230769230771, 0.6875, 0.68269230769230771, 0.68269230769230771, 0.70192307692307687, 0.70673076923076927, 0.66826923076923073, 0.66346153846153844, 0.62019230769230771, 0.62980769230769229, 0.64423076923076927, 0.66346153846153844, 0.65384615384615385, 0.64423076923076927, 0.63942307692307687, 0.61057692307692313]
19,[0.74519230769230771, 0.70192307692307687, 0.69711538461538458, 0.6875, 0.66346153846153844, 0.69230769230769229, 0.67788461538461542, 0.6875, 0.63461538461538458, 0.6875, 0.60576923076923073, 0.62019230769230771, 0.60576923076923073, 0.57211538461538458, 0.67307692307692313, 0.53365384615384615, 0.64903846153846156, 0.59615384615384615, 0.59615384615384615]
20,[0.71634615384615385, 0.75961538461538458, 0.67307692307692313, 0.71153846153846156, 0.65384615384615385, 0.72115384615384615, 0.69711538461538458, 0.61538461538461542, 0.64903846153846156, 0.62019230769230771, 0.62980769230769229, 0.5625, 0.61057692307692313, 0.63942307692307687, 0.67307692307692313, 0.53365384615384615, 0.64423076923076927, 0.61538461538461542, 0.53365384615384615, 0.61057692307692313]

Done in: 3.2539291089997278 seconds

Skipping iteration 1, continuing on to the next!

Test iteration: 2


yx: [(0.0036667242250538724, 29), (1.1355422489026403, 23), (2.7486417955249718, 6), (0.66935575266369385, 38), (1.4112086152233529, 27), (25.060951511765353, 47), (7.9012538219323671, 2), (10.702293250687369, 4), (16.691837637692544, 43), (16.088633219445271, 35), (0.26624549821411897, 39), (19.375252452219407, 50), (18.723807770923276, 51), (11.941449023868669, 42), (7.6574471658476906, 7), (16.4184252654041, 0), (6.9156472474261035, 49), (4.2314200113047358, 52), (2.5570635431411284, 30), (20.627895452004925, 46), (8.7055278173075994, 21), (4.0113109786901848, 18), (5.2249101431951184, 13), (47.495832891267192, 10), (1.9016178382689797, 54), (0.0001791619563381731, 56), (0.63131896945725297, 31), (0.6249705714521393, 26), (3.5871685409709042, 58), (0.0032452480365705015, 16), (12.899798461446577, 20), (10.894077790548751, 19), (37.457509867824946, 11), (13.808264212320731, 3), (4.3711677882158817, 41), (2.3941324061756064, 32), (26.820036143689233, 44), (3.3993865956311424, 22), (27.131260832344356, 9), (21.221950014031354, 45), (0.16236329075051348, 25), (3.5048006308278192, 55), (3.6714008560031135, 5), (0.027631553823614891, 15), (9.4144445587586407, 36), (1.6843218646658051, 59), (0.13200342427515516, 24), (6.2808820791415041, 33), (11.261433371842793, 34), (0.27690487173266765, 28), (29.004286223934358, 48), (23.738692580521114, 8), (7.2342552838959513, 57), (0.33890044492505467, 37), (0.090384948803169454, 40), (7.11257192540626, 53), (22.343560773466184, 12), (0.679007545434819, 14), (11.637275600035446, 1), (0.043991491426656058, 17)]


----- SVM_LINEAR Op: 0 --

Attribute list: {0: [29, 23, 6, 38, 27, 47, 2, 4, 43, 35, 39, 50, 51, 42, 7, 0, 49, 52, 30, 46, 21, 18, 13, 10, 54, 56, 31, 26, 58, 16, 20, 19, 11, 3, 41, 32, 44, 22, 9, 45, 25, 55, 5, 15, 36, 59, 24, 33, 34, 28, 48, 8, 57, 37, 40, 53, 12, 14, 1, 17]}
Attribute list: {0: [29, 6, 27, 2, 43, 39, 51, 7, 49, 30, 21, 13, 54, 31, 58, 20, 11, 41, 44, 9, 25, 5, 36, 24, 34, 48, 57, 40, 12, 1], 1: [23, 38, 47, 4, 35, 50, 42, 0, 52, 46, 18, 10, 56, 26, 16, 19, 3, 32, 22, 45, 55, 15, 59, 33, 28, 8, 37, 53, 14, 17]}
Attribute list: {0: [29, 38, 2, 35, 51, 0, 30, 18, 54, 26, 20, 3, 44, 45, 5, 59, 34, 8, 40, 14], 1: [23, 27, 4, 39, 42, 49, 46, 13, 56, 58, 19, 41, 22, 25, 15, 24, 28, 57, 53, 1], 2: [6, 47, 43, 50, 7, 52, 21, 10, 31, 16, 11, 32, 9, 55, 36, 33, 48, 37, 12, 17]}
Attribute list: {0: [29, 27, 43, 51, 49, 21, 54, 58, 11, 44, 25, 36, 34, 57, 12], 1: [23, 47, 35, 42, 52, 18, 56, 16, 3, 22, 55, 59, 28, 37, 14], 2: [6, 2, 39, 7, 30, 13, 31, 20, 41, 9, 5, 24, 48, 40, 1], 3: [38, 4, 50, 0, 46, 10, 26, 19, 32, 45, 15, 33, 8, 53, 17]}
Attribute list: {0: [29, 47, 39, 0, 21, 56, 20, 32, 25, 59, 48, 53], 1: [23, 2, 50, 49, 18, 31, 19, 44, 55, 24, 8, 12], 2: [6, 4, 51, 52, 13, 26, 11, 22, 5, 33, 57, 14], 3: [38, 43, 42, 30, 10, 58, 3, 9, 15, 34, 37, 1], 4: [27, 35, 7, 46, 54, 16, 41, 45, 36, 28, 40, 17]}
Attribute list: {0: [29, 2, 51, 30, 54, 20, 44, 5, 34, 40], 1: [23, 4, 42, 46, 56, 19, 22, 15, 28, 53], 2: [6, 43, 7, 21, 31, 11, 9, 36, 48, 12], 3: [38, 35, 0, 18, 26, 3, 45, 59, 8, 14], 4: [27, 39, 49, 13, 58, 41, 25, 24, 57, 1], 5: [47, 50, 52, 10, 16, 32, 55, 33, 37, 17]}
Attribute list: {0: [29, 4, 7, 18, 58, 32, 5, 28, 12], 1: [23, 43, 0, 13, 16, 44, 15, 48, 14], 2: [6, 35, 49, 10, 20, 22, 36, 8, 1], 3: [38, 39, 52, 54, 19, 9, 59, 57, 17], 4: [27, 50, 30, 56, 11, 45, 24, 37], 5: [47, 51, 46, 31, 3, 25, 33, 40], 6: [2, 42, 21, 26, 41, 55, 34, 53]}
Attribute list: {0: [29, 43, 49, 54, 11, 25, 34, 12], 1: [23, 35, 52, 56, 3, 55, 28, 14], 2: [6, 39, 30, 31, 41, 5, 48, 1], 3: [38, 50, 46, 26, 32, 15, 8, 17], 4: [27, 51, 21, 58, 44, 36, 57], 5: [47, 42, 18, 16, 22, 59, 37], 6: [2, 7, 13, 20, 9, 24, 40], 7: [4, 0, 10, 19, 45, 33, 53]}
Attribute list: {0: [29, 35, 30, 26, 44, 59, 40], 1: [23, 39, 46, 58, 22, 24, 53], 2: [6, 50, 21, 16, 9, 33, 12], 3: [38, 51, 18, 20, 45, 34, 14], 4: [27, 42, 13, 19, 25, 28, 1], 5: [47, 7, 10, 11, 55, 48, 17], 6: [2, 0, 54, 3, 5, 8], 7: [4, 49, 56, 41, 15, 57], 8: [43, 52, 31, 32, 36, 37]}
Attribute list: {0: [29, 39, 21, 20, 25, 48], 1: [23, 50, 18, 19, 55, 8], 2: [6, 51, 13, 11, 5, 57], 3: [38, 42, 10, 3, 15, 37], 4: [27, 7, 54, 41, 36, 40], 5: [47, 0, 56, 32, 59, 53], 6: [2, 49, 31, 44, 24, 12], 7: [4, 52, 26, 22, 33, 14], 8: [43, 30, 58, 9, 34, 1], 9: [35, 46, 16, 45, 28, 17]}
Attribute list: {0: [29, 50, 13, 3, 36, 53], 1: [23, 51, 10, 41, 59, 12], 2: [6, 42, 54, 32, 24, 14], 3: [38, 7, 56, 44, 33, 1], 4: [27, 0, 31, 22, 34, 17], 5: [47, 49, 26, 9, 28], 6: [2, 52, 58, 45, 48], 7: [4, 30, 16, 25, 8], 8: [43, 46, 20, 55, 57], 9: [35, 21, 19, 5, 37], 10: [39, 18, 11, 15, 40]}
Attribute list: {0: [29, 51, 54, 44, 34], 1: [23, 42, 56, 22, 28], 2: [6, 7, 31, 9, 48], 3: [38, 0, 26, 45, 8], 4: [27, 49, 58, 25, 57], 5: [47, 52, 16, 55, 37], 6: [2, 30, 20, 5, 40], 7: [4, 46, 19, 15, 53], 8: [43, 21, 11, 36, 12], 9: [35, 18, 3, 59, 14], 10: [39, 13, 41, 24, 1], 11: [50, 10, 32, 33, 17]}
Attribute list: {0: [29, 42, 31, 45, 57], 1: [23, 7, 26, 25, 37], 2: [6, 0, 58, 55, 40], 3: [38, 49, 16, 5, 53], 4: [27, 52, 20, 15, 12], 5: [47, 30, 19, 36, 14], 6: [2, 46, 11, 59, 1], 7: [4, 21, 3, 24, 17], 8: [43, 18, 41, 33], 9: [35, 13, 32, 34], 10: [39, 10, 44, 28], 11: [50, 54, 22, 48], 12: [51, 56, 9, 8]}
Attribute list: {0: [29, 7, 58, 5, 12], 1: [23, 0, 16, 15, 14], 2: [6, 49, 20, 36, 1], 3: [38, 52, 19, 59, 17], 4: [27, 30, 11, 24], 5: [47, 46, 3, 33], 6: [2, 21, 41, 34], 7: [4, 18, 32, 28], 8: [43, 13, 44, 48], 9: [35, 10, 22, 8], 10: [39, 54, 9, 57], 11: [50, 56, 45, 37], 12: [51, 31, 25, 40], 13: [42, 26, 55, 53]}
Attribute list: {0: [29, 0, 20, 59], 1: [23, 49, 19, 24], 2: [6, 52, 11, 33], 3: [38, 30, 3, 34], 4: [27, 46, 41, 28], 5: [47, 21, 32, 48], 6: [2, 18, 44, 8], 7: [4, 13, 22, 57], 8: [43, 10, 9, 37], 9: [35, 54, 45, 40], 10: [39, 56, 25, 53], 11: [50, 31, 55, 12], 12: [51, 26, 5, 14], 13: [42, 58, 15, 1], 14: [7, 16, 36, 17]}
Attribute list: {0: [29, 49, 11, 34], 1: [23, 52, 3, 28], 2: [6, 30, 41, 48], 3: [38, 46, 32, 8], 4: [27, 21, 44, 57], 5: [47, 18, 22, 37], 6: [2, 13, 9, 40], 7: [4, 10, 45, 53], 8: [43, 54, 25, 12], 9: [35, 56, 55, 14], 10: [39, 31, 5, 1], 11: [50, 26, 15, 17], 12: [51, 58, 36], 13: [42, 16, 59], 14: [7, 20, 24], 15: [0, 19, 33]}
Attribute list: {0: [29, 52, 41, 8], 1: [23, 30, 32, 57], 2: [6, 46, 44, 37], 3: [38, 21, 22, 40], 4: [27, 18, 9, 53], 5: [47, 13, 45, 12], 6: [2, 10, 25, 14], 7: [4, 54, 55, 1], 8: [43, 56, 5, 17], 9: [35, 31, 15], 10: [39, 26, 36], 11: [50, 58, 59], 12: [51, 16, 24], 13: [42, 20, 33], 14: [7, 19, 34], 15: [0, 11, 28], 16: [49, 3, 48]}
Attribute list: {0: [29, 30, 44, 40], 1: [23, 46, 22, 53], 2: [6, 21, 9, 12], 3: [38, 18, 45, 14], 4: [27, 13, 25, 1], 5: [47, 10, 55, 17], 6: [2, 54, 5], 7: [4, 56, 15], 8: [43, 31, 36], 9: [35, 26, 59], 10: [39, 58, 24], 11: [50, 16, 33], 12: [51, 20, 34], 13: [42, 19, 28], 14: [7, 11, 48], 15: [0, 3, 8], 16: [49, 41, 57], 17: [52, 32, 37]}
Attribute list: {0: [29, 46, 9, 14], 1: [23, 21, 45, 1], 2: [6, 18, 25, 17], 3: [38, 13, 55], 4: [27, 10, 5], 5: [47, 54, 15], 6: [2, 56, 36], 7: [4, 31, 59], 8: [43, 26, 24], 9: [35, 58, 33], 10: [39, 16, 34], 11: [50, 20, 28], 12: [51, 19, 48], 13: [42, 11, 8], 14: [7, 3, 57], 15: [0, 41, 37], 16: [49, 32, 40], 17: [52, 44, 53], 18: [30, 22, 12]}
Attribute list: {0: [29, 21, 25], 1: [23, 18, 55], 2: [6, 13, 5], 3: [38, 10, 15], 4: [27, 54, 36], 5: [47, 56, 59], 6: [2, 31, 24], 7: [4, 26, 33], 8: [43, 58, 34], 9: [35, 16, 28], 10: [39, 20, 48], 11: [50, 19, 8], 12: [51, 11, 57], 13: [42, 3, 37], 14: [7, 41, 40], 15: [0, 32, 53], 16: [49, 44, 12], 17: [52, 22, 14], 18: [30, 9, 1], 19: [46, 45, 17]}

All Data: 

{K,Avg,StD,Max,Min,Swing)
1,0.91827,0.00000,0.91827,0.91827,0.00000
2,0.82933,0.00240,0.83173,0.82692,0.00481
3,0.81731,0.01963,0.84135,0.79327,0.04808
4,0.77885,0.03078,0.82212,0.74519,0.07692
5,0.73942,0.04050,0.80288,0.69231,0.11058
6,0.74519,0.04164,0.79808,0.67308,0.12500
7,0.73420,0.02265,0.75962,0.68750,0.07212
8,0.71635,0.02698,0.75962,0.66827,0.09135
9,0.71100,0.03587,0.77404,0.66827,0.10577
10,0.69760,0.03855,0.75962,0.61538,0.14423
11,0.69974,0.02522,0.75481,0.65865,0.09615
12,0.69551,0.04724,0.76923,0.62500,0.14423
13,0.67678,0.05314,0.74519,0.59135,0.15385
14,0.67720,0.04604,0.77404,0.61538,0.15865
15,0.66186,0.05506,0.74519,0.52885,0.21635
16,0.67608,0.04735,0.75000,0.59615,0.15385
17,0.65752,0.04837,0.74519,0.56250,0.18269
18,0.65358,0.06055,0.75481,0.50000,0.25481
19,0.65258,0.05166,0.73558,0.55769,0.17788
20,0.64976,0.04640,0.73077,0.57212,0.15865

-Detailed Info

1,[0.91826923076923073]
2,[0.83173076923076927, 0.82692307692307687]
3,[0.81730769230769229, 0.79326923076923073, 0.84134615384615385]
4,[0.82211538461538458, 0.75480769230769229, 0.74519230769230771, 0.79326923076923073]
5,[0.71634615384615385, 0.69230769230769229, 0.76923076923076927, 0.80288461538461542, 0.71634615384615385]
6,[0.71634615384615385, 0.74519230769230771, 0.78365384615384615, 0.79807692307692313, 0.67307692307692313, 0.75480769230769229]
7,[0.73076923076923073, 0.74038461538461542, 0.75961538461538458, 0.72596153846153844, 0.75961538461538458, 0.73557692307692313, 0.6875]
8,[0.70673076923076927, 0.66826923076923073, 0.69230769230769229, 0.73076923076923073, 0.74038461538461542, 0.70673076923076927, 0.72596153846153844, 0.75961538461538458]
9,[0.72115384615384615, 0.66826923076923073, 0.76442307692307687, 0.71153846153846156, 0.71153846153846156, 0.77403846153846156, 0.69711538461538458, 0.66826923076923073, 0.68269230769230771]
10,[0.70192307692307687, 0.66346153846153844, 0.73557692307692313, 0.72596153846153844, 0.67307692307692313, 0.71153846153846156, 0.69711538461538458, 0.61538461538461542, 0.75961538461538458, 0.69230769230769229]
11,[0.71634615384615385, 0.75480769230769229, 0.65865384615384615, 0.69230769230769229, 0.69230769230769229, 0.70192307692307687, 0.67788461538461542, 0.70192307692307687, 0.6875, 0.68269230769230771, 0.73076923076923073]
12,[0.72115384615384615, 0.65865384615384615, 0.73557692307692313, 0.73557692307692313, 0.625, 0.68269230769230771, 0.65384615384615385, 0.71153846153846156, 0.76923076923076927, 0.67307692307692313, 0.625, 0.75480769230769229]
13,[0.68269230769230771, 0.60576923076923073, 0.61057692307692313, 0.59134615384615385, 0.69711538461538458, 0.73076923076923073, 0.73076923076923073, 0.66346153846153844, 0.62980769230769229, 0.64903846153846156, 0.74519230769230771, 0.72596153846153844, 0.73557692307692313]
14,[0.70673076923076927, 0.62980769230769229, 0.70673076923076927, 0.65865384615384615, 0.70192307692307687, 0.73557692307692313, 0.65384615384615385, 0.61538461538461542, 0.67307692307692313, 0.77403846153846156, 0.72115384615384615, 0.64423076923076927, 0.63461538461538458, 0.625]
15,[0.66826923076923073, 0.62980769230769229, 0.73076923076923073, 0.64903846153846156, 0.61057692307692313, 0.74519230769230771, 0.70192307692307687, 0.59615384615384615, 0.72115384615384615, 0.6875, 0.52884615384615385, 0.68269230769230771, 0.6875, 0.62980769230769229, 0.65865384615384615]
16,[0.73076923076923073, 0.66346153846153844, 0.71153846153846156, 0.73557692307692313, 0.67788461538461542, 0.69711538461538458, 0.70192307692307687, 0.75, 0.70673076923076927, 0.66826923076923073, 0.59615384615384615, 0.66346153846153844, 0.68269230769230771, 0.59615384615384615, 0.60096153846153844, 0.63461538461538458]
17,[0.66346153846153844, 0.5625, 0.66346153846153844, 0.57692307692307687, 0.69230769230769229, 0.69711538461538458, 0.74038461538461542, 0.63461538461538458, 0.65865384615384615, 0.65384615384615385, 0.59134615384615385, 0.65865384615384615, 0.64423076923076927, 0.64423076923076927, 0.65384615384615385, 0.74519230769230771, 0.69711538461538458]
18,[0.67307692307692313, 0.68269230769230771, 0.71634615384615385, 0.67788461538461542, 0.66346153846153844, 0.75480769230769229, 0.57211538461538458, 0.62019230769230771, 0.67307692307692313, 0.63942307692307687, 0.5, 0.65865384615384615, 0.68269230769230771, 0.66826923076923073, 0.71634615384615385, 0.69711538461538458, 0.61057692307692313, 0.55769230769230771]
19,[0.73076923076923073, 0.69711538461538458, 0.62019230769230771, 0.57211538461538458, 0.73557692307692313, 0.6875, 0.625, 0.625, 0.61538461538461542, 0.68269230769230771, 0.55769230769230771, 0.67788461538461542, 0.67788461538461542, 0.73557692307692313, 0.65865384615384615, 0.65384615384615385, 0.58173076923076927, 0.625, 0.63942307692307687]
20,[0.59615384615384615, 0.57211538461538458, 0.61057692307692313, 0.72596153846153844, 0.60096153846153844, 0.66826923076923073, 0.62980769230769229, 0.58173076923076927, 0.67788461538461542, 0.64423076923076927, 0.69230769230769229, 0.69230769230769229, 0.73076923076923073, 0.67788461538461542, 0.63942307692307687, 0.61057692307692313, 0.65384615384615385, 0.60576923076923073, 0.69711538461538458, 0.6875]

Done in: 1.7239714190000086 seconds


----- SVM_LINEAR Op: 1 --

Attribute list: {0: [29, 23, 6, 38, 27, 47, 2, 4, 43, 35, 39, 50, 51, 42, 7, 0, 49, 52, 30, 46, 21, 18, 13, 10, 54, 56, 31, 26, 58, 16, 20, 19, 11, 3, 41, 32, 44, 22, 9, 45, 25, 55, 5, 15, 36, 59, 24, 33, 34, 28, 48, 8, 57, 37, 40, 53, 12, 14, 1, 17]}
Attribute list: {0: [29, 6, 27, 2, 43, 39, 51, 7, 49, 30, 21, 13, 54, 31, 58, 20, 11, 41, 44, 9, 25, 5, 36, 24, 34, 48, 57, 40, 12, 1], 1: [23, 38, 47, 4, 35, 50, 42, 0, 52, 46, 18, 10, 56, 26, 16, 19, 3, 32, 22, 45, 55, 15, 59, 33, 28, 8, 37, 53, 14, 17]}
Attribute list: {0: [29, 38, 2, 35, 51, 0, 30, 18, 54, 26, 20, 3, 44, 45, 5, 59, 34, 8, 40, 14], 1: [23, 27, 4, 39, 42, 49, 46, 13, 56, 58, 19, 41, 22, 25, 15, 24, 28, 57, 53, 1], 2: [6, 47, 43, 50, 7, 52, 21, 10, 31, 16, 11, 32, 9, 55, 36, 33, 48, 37, 12, 17]}
Attribute list: {0: [29, 27, 43, 51, 49, 21, 54, 58, 11, 44, 25, 36, 34, 57, 12], 1: [23, 47, 35, 42, 52, 18, 56, 16, 3, 22, 55, 59, 28, 37, 14], 2: [6, 2, 39, 7, 30, 13, 31, 20, 41, 9, 5, 24, 48, 40, 1], 3: [38, 4, 50, 0, 46, 10, 26, 19, 32, 45, 15, 33, 8, 53, 17]}
Attribute list: {0: [29, 47, 39, 0, 21, 56, 20, 32, 25, 59, 48, 53], 1: [23, 2, 50, 49, 18, 31, 19, 44, 55, 24, 8, 12], 2: [6, 4, 51, 52, 13, 26, 11, 22, 5, 33, 57, 14], 3: [38, 43, 42, 30, 10, 58, 3, 9, 15, 34, 37, 1], 4: [27, 35, 7, 46, 54, 16, 41, 45, 36, 28, 40, 17]}
Attribute list: {0: [29, 2, 51, 30, 54, 20, 44, 5, 34, 40], 1: [23, 4, 42, 46, 56, 19, 22, 15, 28, 53], 2: [6, 43, 7, 21, 31, 11, 9, 36, 48, 12], 3: [38, 35, 0, 18, 26, 3, 45, 59, 8, 14], 4: [27, 39, 49, 13, 58, 41, 25, 24, 57, 1], 5: [47, 50, 52, 10, 16, 32, 55, 33, 37, 17]}
Attribute list: {0: [29, 4, 7, 18, 58, 32, 5, 28, 12], 1: [23, 43, 0, 13, 16, 44, 15, 48, 14], 2: [6, 35, 49, 10, 20, 22, 36, 8, 1], 3: [38, 39, 52, 54, 19, 9, 59, 57, 17], 4: [27, 50, 30, 56, 11, 45, 24, 37], 5: [47, 51, 46, 31, 3, 25, 33, 40], 6: [2, 42, 21, 26, 41, 55, 34, 53]}
Attribute list: {0: [29, 43, 49, 54, 11, 25, 34, 12], 1: [23, 35, 52, 56, 3, 55, 28, 14], 2: [6, 39, 30, 31, 41, 5, 48, 1], 3: [38, 50, 46, 26, 32, 15, 8, 17], 4: [27, 51, 21, 58, 44, 36, 57], 5: [47, 42, 18, 16, 22, 59, 37], 6: [2, 7, 13, 20, 9, 24, 40], 7: [4, 0, 10, 19, 45, 33, 53]}
Attribute list: {0: [29, 35, 30, 26, 44, 59, 40], 1: [23, 39, 46, 58, 22, 24, 53], 2: [6, 50, 21, 16, 9, 33, 12], 3: [38, 51, 18, 20, 45, 34, 14], 4: [27, 42, 13, 19, 25, 28, 1], 5: [47, 7, 10, 11, 55, 48, 17], 6: [2, 0, 54, 3, 5, 8], 7: [4, 49, 56, 41, 15, 57], 8: [43, 52, 31, 32, 36, 37]}
Attribute list: {0: [29, 39, 21, 20, 25, 48], 1: [23, 50, 18, 19, 55, 8], 2: [6, 51, 13, 11, 5, 57], 3: [38, 42, 10, 3, 15, 37], 4: [27, 7, 54, 41, 36, 40], 5: [47, 0, 56, 32, 59, 53], 6: [2, 49, 31, 44, 24, 12], 7: [4, 52, 26, 22, 33, 14], 8: [43, 30, 58, 9, 34, 1], 9: [35, 46, 16, 45, 28, 17]}
Attribute list: {0: [29, 50, 13, 3, 36, 53], 1: [23, 51, 10, 41, 59, 12], 2: [6, 42, 54, 32, 24, 14], 3: [38, 7, 56, 44, 33, 1], 4: [27, 0, 31, 22, 34, 17], 5: [47, 49, 26, 9, 28], 6: [2, 52, 58, 45, 48], 7: [4, 30, 16, 25, 8], 8: [43, 46, 20, 55, 57], 9: [35, 21, 19, 5, 37], 10: [39, 18, 11, 15, 40]}
Attribute list: {0: [29, 51, 54, 44, 34], 1: [23, 42, 56, 22, 28], 2: [6, 7, 31, 9, 48], 3: [38, 0, 26, 45, 8], 4: [27, 49, 58, 25, 57], 5: [47, 52, 16, 55, 37], 6: [2, 30, 20, 5, 40], 7: [4, 46, 19, 15, 53], 8: [43, 21, 11, 36, 12], 9: [35, 18, 3, 59, 14], 10: [39, 13, 41, 24, 1], 11: [50, 10, 32, 33, 17]}
Attribute list: {0: [29, 42, 31, 45, 57], 1: [23, 7, 26, 25, 37], 2: [6, 0, 58, 55, 40], 3: [38, 49, 16, 5, 53], 4: [27, 52, 20, 15, 12], 5: [47, 30, 19, 36, 14], 6: [2, 46, 11, 59, 1], 7: [4, 21, 3, 24, 17], 8: [43, 18, 41, 33], 9: [35, 13, 32, 34], 10: [39, 10, 44, 28], 11: [50, 54, 22, 48], 12: [51, 56, 9, 8]}
Attribute list: {0: [29, 7, 58, 5, 12], 1: [23, 0, 16, 15, 14], 2: [6, 49, 20, 36, 1], 3: [38, 52, 19, 59, 17], 4: [27, 30, 11, 24], 5: [47, 46, 3, 33], 6: [2, 21, 41, 34], 7: [4, 18, 32, 28], 8: [43, 13, 44, 48], 9: [35, 10, 22, 8], 10: [39, 54, 9, 57], 11: [50, 56, 45, 37], 12: [51, 31, 25, 40], 13: [42, 26, 55, 53]}
Attribute list: {0: [29, 0, 20, 59], 1: [23, 49, 19, 24], 2: [6, 52, 11, 33], 3: [38, 30, 3, 34], 4: [27, 46, 41, 28], 5: [47, 21, 32, 48], 6: [2, 18, 44, 8], 7: [4, 13, 22, 57], 8: [43, 10, 9, 37], 9: [35, 54, 45, 40], 10: [39, 56, 25, 53], 11: [50, 31, 55, 12], 12: [51, 26, 5, 14], 13: [42, 58, 15, 1], 14: [7, 16, 36, 17]}
Attribute list: {0: [29, 49, 11, 34], 1: [23, 52, 3, 28], 2: [6, 30, 41, 48], 3: [38, 46, 32, 8], 4: [27, 21, 44, 57], 5: [47, 18, 22, 37], 6: [2, 13, 9, 40], 7: [4, 10, 45, 53], 8: [43, 54, 25, 12], 9: [35, 56, 55, 14], 10: [39, 31, 5, 1], 11: [50, 26, 15, 17], 12: [51, 58, 36], 13: [42, 16, 59], 14: [7, 20, 24], 15: [0, 19, 33]}
Attribute list: {0: [29, 52, 41, 8], 1: [23, 30, 32, 57], 2: [6, 46, 44, 37], 3: [38, 21, 22, 40], 4: [27, 18, 9, 53], 5: [47, 13, 45, 12], 6: [2, 10, 25, 14], 7: [4, 54, 55, 1], 8: [43, 56, 5, 17], 9: [35, 31, 15], 10: [39, 26, 36], 11: [50, 58, 59], 12: [51, 16, 24], 13: [42, 20, 33], 14: [7, 19, 34], 15: [0, 11, 28], 16: [49, 3, 48]}
Attribute list: {0: [29, 30, 44, 40], 1: [23, 46, 22, 53], 2: [6, 21, 9, 12], 3: [38, 18, 45, 14], 4: [27, 13, 25, 1], 5: [47, 10, 55, 17], 6: [2, 54, 5], 7: [4, 56, 15], 8: [43, 31, 36], 9: [35, 26, 59], 10: [39, 58, 24], 11: [50, 16, 33], 12: [51, 20, 34], 13: [42, 19, 28], 14: [7, 11, 48], 15: [0, 3, 8], 16: [49, 41, 57], 17: [52, 32, 37]}
Attribute list: {0: [29, 46, 9, 14], 1: [23, 21, 45, 1], 2: [6, 18, 25, 17], 3: [38, 13, 55], 4: [27, 10, 5], 5: [47, 54, 15], 6: [2, 56, 36], 7: [4, 31, 59], 8: [43, 26, 24], 9: [35, 58, 33], 10: [39, 16, 34], 11: [50, 20, 28], 12: [51, 19, 48], 13: [42, 11, 8], 14: [7, 3, 57], 15: [0, 41, 37], 16: [49, 32, 40], 17: [52, 44, 53], 18: [30, 22, 12]}
Attribute list: {0: [29, 21, 25], 1: [23, 18, 55], 2: [6, 13, 5], 3: [38, 10, 15], 4: [27, 54, 36], 5: [47, 56, 59], 6: [2, 31, 24], 7: [4, 26, 33], 8: [43, 58, 34], 9: [35, 16, 28], 10: [39, 20, 48], 11: [50, 19, 8], 12: [51, 11, 57], 13: [42, 3, 37], 14: [7, 41, 40], 15: [0, 32, 53], 16: [49, 44, 12], 17: [52, 22, 14], 18: [30, 9, 1], 19: [46, 45, 17]}

All Data: 

{K,Avg,StD,Max,Min,Swing)
1,0.76442,0.00000,0.76442,0.76442,0.00000
2,0.76923,0.00481,0.77404,0.76442,0.00962
3,0.72436,0.04908,0.78365,0.66346,0.12019
4,0.72957,0.02811,0.76442,0.70192,0.06250
5,0.70962,0.03110,0.76923,0.68269,0.08654
6,0.69712,0.07977,0.77885,0.54327,0.23558
7,0.70948,0.03963,0.75962,0.66346,0.09615
8,0.69291,0.02978,0.74519,0.64423,0.10096
9,0.67895,0.06226,0.74519,0.53365,0.21154
10,0.68317,0.03306,0.72115,0.62019,0.10096
11,0.67920,0.04207,0.75481,0.59615,0.15865
12,0.67428,0.06188,0.74519,0.54327,0.20192
13,0.65385,0.07782,0.75000,0.53365,0.21635
14,0.66209,0.05707,0.74519,0.55769,0.18750
15,0.64744,0.05514,0.74038,0.53365,0.20673
16,0.64483,0.06552,0.73558,0.53365,0.20192
17,0.64140,0.06749,0.74519,0.53365,0.21154
18,0.64370,0.07095,0.75481,0.53365,0.22115
19,0.64448,0.06528,0.75962,0.53365,0.22596
20,0.64183,0.06004,0.76442,0.53365,0.23077

-Detailed Info

1,[0.76442307692307687]
2,[0.77403846153846156, 0.76442307692307687]
3,[0.72596153846153844, 0.66346153846153844, 0.78365384615384615]
4,[0.76442307692307687, 0.70192307692307687, 0.70192307692307687, 0.75]
5,[0.70673076923076927, 0.68269230769230771, 0.70192307692307687, 0.76923076923076927, 0.6875]
6,[0.66346153846153844, 0.69230769230769229, 0.76923076923076927, 0.77884615384615385, 0.54326923076923073, 0.73557692307692313]
7,[0.72115384615384615, 0.72596153846153844, 0.75961538461538458, 0.66346153846153844, 0.75961538461538458, 0.67307692307692313, 0.66346153846153844]
8,[0.70192307692307687, 0.64423076923076927, 0.71153846153846156, 0.70192307692307687, 0.70192307692307687, 0.67788461538461542, 0.65865384615384615, 0.74519230769230771]
9,[0.72596153846153844, 0.62980769230769229, 0.72596153846153844, 0.72596153846153844, 0.67307692307692313, 0.74519230769230771, 0.6875, 0.53365384615384615, 0.66346153846153844]
10,[0.67788461538461542, 0.64423076923076927, 0.71634615384615385, 0.72115384615384615, 0.65384615384615385, 0.71153846153846156, 0.67788461538461542, 0.62019230769230771, 0.71634615384615385, 0.69230769230769229]
11,[0.62980769230769229, 0.70673076923076927, 0.59615384615384615, 0.69711538461538458, 0.65865384615384615, 0.71153846153846156, 0.64903846153846156, 0.66826923076923073, 0.70192307692307687, 0.69711538461538458, 0.75480769230769229]
12,[0.67307692307692313, 0.60576923076923073, 0.74038461538461542, 0.73076923076923073, 0.54326923076923073, 0.6875, 0.66346153846153844, 0.72115384615384615, 0.74519230769230771, 0.65865384615384615, 0.59615384615384615, 0.72596153846153844]
13,[0.69711538461538458, 0.53365384615384615, 0.53365384615384615, 0.54326923076923073, 0.66826923076923073, 0.75, 0.73557692307692313, 0.60096153846153844, 0.62980769230769229, 0.62980769230769229, 0.72596153846153844, 0.72115384615384615, 0.73076923076923073]
14,[0.70192307692307687, 0.55769230769230771, 0.69711538461538458, 0.65384615384615385, 0.73557692307692313, 0.70673076923076927, 0.65384615384615385, 0.57692307692307687, 0.67788461538461542, 0.74519230769230771, 0.6875, 0.66346153846153844, 0.56730769230769229, 0.64423076923076927]
15,[0.63942307692307687, 0.61538461538461542, 0.72115384615384615, 0.625, 0.61538461538461542, 0.74038461538461542, 0.70673076923076927, 0.59134615384615385, 0.71153846153846156, 0.68269230769230771, 0.53365384615384615, 0.66346153846153844, 0.59615384615384615, 0.61538461538461542, 0.65384615384615385]
16,[0.72115384615384615, 0.53846153846153844, 0.68269230769230771, 0.72596153846153844, 0.65384615384615385, 0.70673076923076927, 0.65384615384615385, 0.73557692307692313, 0.69230769230769229, 0.65865384615384615, 0.53365384615384615, 0.53365384615384615, 0.65384615384615385, 0.60576923076923073, 0.60096153846153844, 0.62019230769230771]
17,[0.65384615384615385, 0.56730769230769229, 0.66826923076923073, 0.55288461538461542, 0.72115384615384615, 0.71153846153846156, 0.74519230769230771, 0.53365384615384615, 0.63461538461538458, 0.65384615384615385, 0.63942307692307687, 0.53365384615384615, 0.5625, 0.64423076923076927, 0.66826923076923073, 0.74038461538461542, 0.67307692307692313]
18,[0.68269230769230771, 0.65865384615384615, 0.69230769230769229, 0.66826923076923073, 0.625, 0.75480769230769229, 0.53365384615384615, 0.53365384615384615, 0.68269230769230771, 0.66826923076923073, 0.53365384615384615, 0.62019230769230771, 0.71153846153846156, 0.67788461538461542, 0.74519230769230771, 0.6875, 0.57211538461538458, 0.53846153846153844]
19,[0.75961538461538458, 0.65384615384615385, 0.55288461538461542, 0.53365384615384615, 0.73076923076923073, 0.6875, 0.64903846153846156, 0.53365384615384615, 0.63942307692307687, 0.66346153846153844, 0.58653846153846156, 0.66826923076923073, 0.66346153846153844, 0.75480769230769229, 0.66826923076923073, 0.66346153846153844, 0.55769230769230771, 0.63942307692307687, 0.63942307692307687]
20,[0.57692307692307687, 0.55288461538461542, 0.58173076923076927, 0.76442307692307687, 0.63942307692307687, 0.63942307692307687, 0.53365384615384615, 0.61057692307692313, 0.69230769230769229, 0.65865384615384615, 0.70192307692307687, 0.65384615384615385, 0.73076923076923073, 0.62980769230769229, 0.60576923076923073, 0.60096153846153844, 0.67788461538461542, 0.58653846153846156, 0.70192307692307687, 0.69711538461538458]

Done in: 2.9979178829999 seconds


Test iteration: 3


yx: [(27.131260832344356, 9), (1.1355422489026403, 23), (0.0001791619563381731, 56), (1.6843218646658051, 59), (3.3993865956311424, 22), (25.060951511765353, 47), (16.088633219445271, 35), (0.66935575266369385, 38), (0.6249705714521393, 26), (10.894077790548751, 19), (12.899798461446577, 20), (6.9156472474261035, 49), (7.6574471658476906, 7), (18.723807770923276, 51), (23.738692580521114, 8), (0.679007545434819, 14), (47.495832891267192, 10), (37.457509867824946, 11), (2.5570635431411284, 30), (0.13200342427515516, 24), (10.702293250687369, 4), (0.090384948803169454, 40), (2.7486417955249718, 6), (29.004286223934358, 48), (0.027631553823614891, 15), (26.820036143689233, 44), (0.26624549821411897, 39), (7.2342552838959513, 57), (11.261433371842793, 34), (7.9012538219323671, 2), (4.0113109786901848, 18), (20.627895452004925, 46), (0.043991491426656058, 17), (0.0032452480365705015, 16), (19.375252452219407, 50), (0.27690487173266765, 28), (7.11257192540626, 53), (3.6714008560031135, 5), (16.691837637692544, 43), (5.2249101431951184, 13), (21.221950014031354, 45), (11.637275600035446, 1), (0.16236329075051348, 25), (4.3711677882158817, 41), (3.5871685409709042, 58), (11.941449023868669, 42), (8.7055278173075994, 21), (22.343560773466184, 12), (6.2808820791415041, 33), (0.63131896945725297, 31), (4.2314200113047358, 52), (1.9016178382689797, 54), (9.4144445587586407, 36), (0.33890044492505467, 37), (3.5048006308278192, 55), (13.808264212320731, 3), (2.3941324061756064, 32), (16.4184252654041, 0), (0.0036667242250538724, 29), (1.4112086152233529, 27)]


----- SVM_LINEAR Op: 0 --

Attribute list: {0: [9, 23, 56, 59, 22, 47, 35, 38, 26, 19, 20, 49, 7, 51, 8, 14, 10, 11, 30, 24, 4, 40, 6, 48, 15, 44, 39, 57, 34, 2, 18, 46, 17, 16, 50, 28, 53, 5, 43, 13, 45, 1, 25, 41, 58, 42, 21, 12, 33, 31, 52, 54, 36, 37, 55, 3, 32, 0, 29, 27]}
Attribute list: {0: [9, 56, 22, 35, 26, 20, 7, 8, 10, 30, 4, 6, 15, 39, 34, 18, 17, 50, 53, 43, 45, 25, 58, 21, 33, 52, 36, 55, 32, 29], 1: [23, 59, 47, 38, 19, 49, 51, 14, 11, 24, 40, 48, 44, 57, 2, 46, 16, 28, 5, 13, 1, 41, 42, 12, 31, 54, 37, 3, 0, 27]}
Attribute list: {0: [9, 59, 35, 19, 7, 14, 30, 40, 15, 57, 18, 16, 53, 13, 25, 42, 33, 54, 55, 0], 1: [23, 22, 38, 20, 51, 10, 24, 6, 44, 34, 46, 50, 5, 45, 41, 21, 31, 36, 3, 29], 2: [56, 47, 26, 49, 8, 11, 4, 48, 39, 2, 17, 28, 43, 1, 58, 12, 52, 37, 32, 27]}
Attribute list: {0: [9, 22, 26, 7, 10, 4, 15, 34, 17, 53, 45, 58, 33, 36, 32], 1: [23, 47, 19, 51, 11, 40, 44, 2, 16, 5, 1, 42, 31, 37, 0], 2: [56, 35, 20, 8, 30, 6, 39, 18, 50, 43, 25, 21, 52, 55, 29], 3: [59, 38, 49, 14, 24, 48, 57, 46, 28, 13, 41, 12, 54, 3, 27]}
Attribute list: {0: [9, 47, 20, 14, 4, 44, 18, 28, 45, 42, 52, 3], 1: [23, 35, 49, 10, 40, 39, 46, 53, 1, 21, 54, 32], 2: [56, 38, 7, 11, 6, 57, 17, 5, 25, 12, 36, 0], 3: [59, 26, 51, 30, 48, 34, 16, 43, 41, 33, 37, 29], 4: [22, 19, 8, 24, 15, 2, 50, 13, 58, 31, 55, 27]}
Attribute list: {0: [9, 35, 7, 30, 15, 18, 53, 25, 33, 55], 1: [23, 38, 51, 24, 44, 46, 5, 41, 31, 3], 2: [56, 26, 8, 4, 39, 17, 43, 58, 52, 32], 3: [59, 19, 14, 40, 57, 16, 13, 42, 54, 0], 4: [22, 20, 10, 6, 34, 50, 45, 21, 36, 29], 5: [47, 49, 11, 48, 2, 28, 1, 12, 37, 27]}
Attribute list: {0: [9, 38, 8, 40, 34, 28, 25, 31, 32], 1: [23, 26, 14, 6, 2, 53, 41, 52, 0], 2: [56, 19, 10, 48, 18, 5, 58, 54, 29], 3: [59, 20, 11, 15, 46, 43, 42, 36, 27], 4: [22, 49, 30, 44, 17, 13, 21, 37], 5: [47, 7, 24, 39, 16, 45, 12, 55], 6: [35, 51, 4, 57, 50, 1, 33, 3]}
Attribute list: {0: [9, 26, 10, 15, 17, 45, 33, 32], 1: [23, 19, 11, 44, 16, 1, 31, 0], 2: [56, 20, 30, 39, 50, 25, 52, 29], 3: [59, 49, 24, 57, 28, 41, 54, 27], 4: [22, 7, 4, 34, 53, 58, 36], 5: [47, 51, 40, 2, 5, 42, 37], 6: [35, 8, 6, 18, 43, 21, 55], 7: [38, 14, 48, 46, 13, 12, 3]}
Attribute list: {0: [9, 19, 30, 57, 53, 42, 55], 1: [23, 20, 24, 34, 5, 21, 3], 2: [56, 49, 4, 2, 43, 12, 32], 3: [59, 7, 40, 18, 13, 33, 0], 4: [22, 51, 6, 46, 45, 31, 29], 5: [47, 8, 48, 17, 1, 52, 27], 6: [35, 14, 15, 16, 25, 54], 7: [38, 10, 44, 50, 41, 36], 8: [26, 11, 39, 28, 58, 37]}
Attribute list: {0: [9, 20, 4, 18, 45, 52], 1: [23, 49, 40, 46, 1, 54], 2: [56, 7, 6, 17, 25, 36], 3: [59, 51, 48, 16, 41, 37], 4: [22, 8, 15, 50, 58, 55], 5: [47, 14, 44, 28, 42, 3], 6: [35, 10, 39, 53, 21, 32], 7: [38, 11, 57, 5, 12, 0], 8: [26, 30, 34, 43, 33, 29], 9: [19, 24, 2, 13, 31, 27]}
Attribute list: {0: [9, 49, 6, 16, 58, 3], 1: [23, 7, 48, 50, 42, 32], 2: [56, 51, 15, 28, 21, 0], 3: [59, 8, 44, 53, 12, 29], 4: [22, 14, 39, 5, 33, 27], 5: [47, 10, 57, 43, 31], 6: [35, 11, 34, 13, 52], 7: [38, 30, 2, 45, 54], 8: [26, 24, 18, 1, 36], 9: [19, 4, 46, 25, 37], 10: [20, 40, 17, 41, 55]}
Attribute list: {0: [9, 7, 15, 53, 33], 1: [23, 51, 44, 5, 31], 2: [56, 8, 39, 43, 52], 3: [59, 14, 57, 13, 54], 4: [22, 10, 34, 45, 36], 5: [47, 11, 2, 1, 37], 6: [35, 30, 18, 25, 55], 7: [38, 24, 46, 41, 3], 8: [26, 4, 17, 58, 32], 9: [19, 40, 16, 42, 0], 10: [20, 6, 50, 21, 29], 11: [49, 48, 28, 12, 27]}
Attribute list: {0: [9, 51, 39, 13, 36], 1: [23, 8, 57, 45, 37], 2: [56, 14, 34, 1, 55], 3: [59, 10, 2, 25, 3], 4: [22, 11, 18, 41, 32], 5: [47, 30, 46, 58, 0], 6: [35, 24, 17, 42, 29], 7: [38, 4, 16, 21, 27], 8: [26, 40, 50, 12], 9: [19, 6, 28, 33], 10: [20, 48, 53, 31], 11: [49, 15, 5, 52], 12: [7, 44, 43, 54]}
Attribute list: {0: [9, 8, 34, 25, 32], 1: [23, 14, 2, 41, 0], 2: [56, 10, 18, 58, 29], 3: [59, 11, 46, 42, 27], 4: [22, 30, 17, 21], 5: [47, 24, 16, 12], 6: [35, 4, 50, 33], 7: [38, 40, 28, 31], 8: [26, 6, 53, 52], 9: [19, 48, 5, 54], 10: [20, 15, 43, 36], 11: [49, 44, 13, 37], 12: [7, 39, 45, 55], 13: [51, 57, 1, 3]}
Attribute list: {0: [9, 14, 18, 42], 1: [23, 10, 46, 21], 2: [56, 11, 17, 12], 3: [59, 30, 16, 33], 4: [22, 24, 50, 31], 5: [47, 4, 28, 52], 6: [35, 40, 53, 54], 7: [38, 6, 5, 36], 8: [26, 48, 43, 37], 9: [19, 15, 13, 55], 10: [20, 44, 45, 3], 11: [49, 39, 1, 32], 12: [7, 57, 25, 0], 13: [51, 34, 41, 29], 14: [8, 2, 58, 27]}
Attribute list: {0: [9, 10, 17, 33], 1: [23, 11, 16, 31], 2: [56, 30, 50, 52], 3: [59, 24, 28, 54], 4: [22, 4, 53, 36], 5: [47, 40, 5, 37], 6: [35, 6, 43, 55], 7: [38, 48, 13, 3], 8: [26, 15, 45, 32], 9: [19, 44, 1, 0], 10: [20, 39, 25, 29], 11: [49, 57, 41, 27], 12: [7, 34, 58], 13: [51, 2, 42], 14: [8, 18, 21], 15: [14, 46, 12]}
Attribute list: {0: [9, 11, 50, 54], 1: [23, 30, 28, 36], 2: [56, 24, 53, 37], 3: [59, 4, 5, 55], 4: [22, 40, 43, 3], 5: [47, 6, 13, 32], 6: [35, 48, 45, 0], 7: [38, 15, 1, 29], 8: [26, 44, 25, 27], 9: [19, 39, 41], 10: [20, 57, 58], 11: [49, 34, 42], 12: [7, 2, 21], 13: [51, 18, 12], 14: [8, 46, 33], 15: [14, 17, 31], 16: [10, 16, 52]}
Attribute list: {0: [9, 30, 53, 55], 1: [23, 24, 5, 3], 2: [56, 4, 43, 32], 3: [59, 40, 13, 0], 4: [22, 6, 45, 29], 5: [47, 48, 1, 27], 6: [35, 15, 25], 7: [38, 44, 41], 8: [26, 39, 58], 9: [19, 57, 42], 10: [20, 34, 21], 11: [49, 2, 12], 12: [7, 18, 33], 13: [51, 46, 31], 14: [8, 17, 52], 15: [14, 16, 54], 16: [10, 50, 36], 17: [11, 28, 37]}
Attribute list: {0: [9, 24, 43, 0], 1: [23, 4, 13, 29], 2: [56, 40, 45, 27], 3: [59, 6, 1], 4: [22, 48, 25], 5: [47, 15, 41], 6: [35, 44, 58], 7: [38, 39, 42], 8: [26, 57, 21], 9: [19, 34, 12], 10: [20, 2, 33], 11: [49, 18, 31], 12: [7, 46, 52], 13: [51, 17, 54], 14: [8, 16, 36], 15: [14, 50, 37], 16: [10, 28, 55], 17: [11, 53, 3], 18: [30, 5, 32]}
Attribute list: {0: [9, 4, 45], 1: [23, 40, 1], 2: [56, 6, 25], 3: [59, 48, 41], 4: [22, 15, 58], 5: [47, 44, 42], 6: [35, 39, 21], 7: [38, 57, 12], 8: [26, 34, 33], 9: [19, 2, 31], 10: [20, 18, 52], 11: [49, 46, 54], 12: [7, 17, 36], 13: [51, 16, 37], 14: [8, 50, 55], 15: [14, 28, 3], 16: [10, 53, 32], 17: [11, 5, 0], 18: [30, 43, 29], 19: [24, 13, 27]}

All Data: 

{K,Avg,StD,Max,Min,Swing)
1,0.91827,0.00000,0.91827,0.91827,0.00000
2,0.84135,0.01442,0.85577,0.82692,0.02885
3,0.79647,0.02785,0.82692,0.75962,0.06731
4,0.76803,0.02685,0.79808,0.73077,0.06731
5,0.78077,0.01626,0.79808,0.75481,0.04327
6,0.74439,0.03289,0.80288,0.69712,0.10577
7,0.72527,0.04664,0.80769,0.66346,0.14423
8,0.71635,0.04698,0.77404,0.62500,0.14904
9,0.71154,0.04527,0.79327,0.63942,0.15385
10,0.70337,0.04632,0.77885,0.62500,0.15385
11,0.69537,0.04831,0.76923,0.59615,0.17308
12,0.69631,0.04453,0.76442,0.60577,0.15865
13,0.68528,0.04571,0.75000,0.58173,0.16827
14,0.66552,0.05190,0.75000,0.57692,0.17308
15,0.67724,0.04544,0.77885,0.59615,0.18269
16,0.67097,0.04592,0.73558,0.56731,0.16827
17,0.66629,0.06070,0.78365,0.53846,0.24519
18,0.65598,0.05623,0.77404,0.51442,0.25962
19,0.66245,0.05505,0.75962,0.58173,0.17788
20,0.65938,0.04368,0.73558,0.56731,0.16827

-Detailed Info

1,[0.91826923076923073]
2,[0.85576923076923073, 0.82692307692307687]
3,[0.80288461538461542, 0.82692307692307687, 0.75961538461538458]
4,[0.78846153846153844, 0.79807692307692313, 0.75480769230769229, 0.73076923076923073]
5,[0.79326923076923073, 0.79807692307692313, 0.75480769230769229, 0.78846153846153844, 0.76923076923076927]
6,[0.75480769230769229, 0.72115384615384615, 0.75480769230769229, 0.69711538461538458, 0.80288461538461542, 0.73557692307692313]
7,[0.72596153846153844, 0.66826923076923073, 0.75961538461538458, 0.80769230769230771, 0.66346153846153844, 0.73557692307692313, 0.71634615384615385]
8,[0.76442307692307687, 0.77403846153846156, 0.69230769230769229, 0.625, 0.70192307692307687, 0.69230769230769229, 0.76442307692307687, 0.71634615384615385]
9,[0.72596153846153844, 0.68269230769230771, 0.70673076923076927, 0.63942307692307687, 0.72115384615384615, 0.75480769230769229, 0.65384615384615385, 0.79326923076923073, 0.72596153846153844]
10,[0.73557692307692313, 0.65384615384615385, 0.65384615384615385, 0.72596153846153844, 0.74519230769230771, 0.70673076923076927, 0.77884615384615385, 0.73076923076923073, 0.67788461538461542, 0.625]
11,[0.69711538461538458, 0.75, 0.73076923076923073, 0.65865384615384615, 0.59615384615384615, 0.76923076923076927, 0.73557692307692313, 0.64423076923076927, 0.67307692307692313, 0.70192307692307687, 0.69230769230769229]
12,[0.72115384615384615, 0.6875, 0.73076923076923073, 0.60576923076923073, 0.76442307692307687, 0.75480769230769229, 0.66826923076923073, 0.70673076923076927, 0.64423076923076927, 0.72115384615384615, 0.65865384615384615, 0.69230769230769229]
13,[0.75, 0.69711538461538458, 0.65384615384615385, 0.72596153846153844, 0.72596153846153844, 0.73076923076923073, 0.69711538461538458, 0.65384615384615385, 0.70192307692307687, 0.63461538461538458, 0.70673076923076927, 0.58173076923076927, 0.64903846153846156]
14,[0.70673076923076927, 0.65865384615384615, 0.73076923076923073, 0.75, 0.60576923076923073, 0.69711538461538458, 0.70192307692307687, 0.57692307692307687, 0.59134615384615385, 0.70192307692307687, 0.69230769230769229, 0.64903846153846156, 0.63461538461538458, 0.62019230769230771]
15,[0.72115384615384615, 0.77884615384615385, 0.72115384615384615, 0.61057692307692313, 0.66346153846153844, 0.67788461538461542, 0.68269230769230771, 0.64903846153846156, 0.69711538461538458, 0.65384615384615385, 0.67788461538461542, 0.59615384615384615, 0.64423076923076927, 0.65865384615384615, 0.72596153846153844]
16,[0.72596153846153844, 0.73557692307692313, 0.66346153846153844, 0.56730769230769229, 0.67788461538461542, 0.70673076923076927, 0.70673076923076927, 0.70673076923076927, 0.67307692307692313, 0.67788461538461542, 0.60096153846153844, 0.62019230769230771, 0.65865384615384615, 0.625, 0.67307692307692313, 0.71634615384615385]
17,[0.72596153846153844, 0.62019230769230771, 0.53846153846153844, 0.63461538461538458, 0.73076923076923073, 0.70192307692307687, 0.78365384615384615, 0.62980769230769229, 0.63461538461538458, 0.64423076923076927, 0.67307692307692313, 0.64903846153846156, 0.63461538461538458, 0.64903846153846156, 0.73557692307692313, 0.59615384615384615, 0.74519230769230771]
18,[0.67307692307692313, 0.63461538461538458, 0.70192307692307687, 0.57692307692307687, 0.66346153846153844, 0.72115384615384615, 0.63461538461538458, 0.62980769230769229, 0.60096153846153844, 0.6875, 0.66826923076923073, 0.63942307692307687, 0.62980769230769229, 0.6875, 0.66826923076923073, 0.51442307692307687, 0.77403846153846156, 0.70192307692307687]
19,[0.73076923076923073, 0.62019230769230771, 0.64423076923076927, 0.58173076923076927, 0.73076923076923073, 0.6875, 0.75961538461538458, 0.625, 0.62019230769230771, 0.625, 0.62019230769230771, 0.61057692307692313, 0.6875, 0.64423076923076927, 0.71153846153846156, 0.63461538461538458, 0.75, 0.71634615384615385, 0.58653846153846156]
20,[0.72115384615384615, 0.60576923076923073, 0.56730769230769229, 0.6875, 0.60096153846153844, 0.66346153846153844, 0.66826923076923073, 0.65384615384615385, 0.59615384615384615, 0.65865384615384615, 0.67788461538461542, 0.63461538461538458, 0.65865384615384615, 0.64903846153846156, 0.70192307692307687, 0.64423076923076927, 0.72596153846153844, 0.73557692307692313, 0.69230769230769229, 0.64423076923076927]

Done in: 1.536155575000521 seconds


----- SVM_LINEAR Op: 1 --

Attribute list: {0: [9, 23, 56, 59, 22, 47, 35, 38, 26, 19, 20, 49, 7, 51, 8, 14, 10, 11, 30, 24, 4, 40, 6, 48, 15, 44, 39, 57, 34, 2, 18, 46, 17, 16, 50, 28, 53, 5, 43, 13, 45, 1, 25, 41, 58, 42, 21, 12, 33, 31, 52, 54, 36, 37, 55, 3, 32, 0, 29, 27]}
Attribute list: {0: [9, 56, 22, 35, 26, 20, 7, 8, 10, 30, 4, 6, 15, 39, 34, 18, 17, 50, 53, 43, 45, 25, 58, 21, 33, 52, 36, 55, 32, 29], 1: [23, 59, 47, 38, 19, 49, 51, 14, 11, 24, 40, 48, 44, 57, 2, 46, 16, 28, 5, 13, 1, 41, 42, 12, 31, 54, 37, 3, 0, 27]}
Attribute list: {0: [9, 59, 35, 19, 7, 14, 30, 40, 15, 57, 18, 16, 53, 13, 25, 42, 33, 54, 55, 0], 1: [23, 22, 38, 20, 51, 10, 24, 6, 44, 34, 46, 50, 5, 45, 41, 21, 31, 36, 3, 29], 2: [56, 47, 26, 49, 8, 11, 4, 48, 39, 2, 17, 28, 43, 1, 58, 12, 52, 37, 32, 27]}
Attribute list: {0: [9, 22, 26, 7, 10, 4, 15, 34, 17, 53, 45, 58, 33, 36, 32], 1: [23, 47, 19, 51, 11, 40, 44, 2, 16, 5, 1, 42, 31, 37, 0], 2: [56, 35, 20, 8, 30, 6, 39, 18, 50, 43, 25, 21, 52, 55, 29], 3: [59, 38, 49, 14, 24, 48, 57, 46, 28, 13, 41, 12, 54, 3, 27]}
Attribute list: {0: [9, 47, 20, 14, 4, 44, 18, 28, 45, 42, 52, 3], 1: [23, 35, 49, 10, 40, 39, 46, 53, 1, 21, 54, 32], 2: [56, 38, 7, 11, 6, 57, 17, 5, 25, 12, 36, 0], 3: [59, 26, 51, 30, 48, 34, 16, 43, 41, 33, 37, 29], 4: [22, 19, 8, 24, 15, 2, 50, 13, 58, 31, 55, 27]}
Attribute list: {0: [9, 35, 7, 30, 15, 18, 53, 25, 33, 55], 1: [23, 38, 51, 24, 44, 46, 5, 41, 31, 3], 2: [56, 26, 8, 4, 39, 17, 43, 58, 52, 32], 3: [59, 19, 14, 40, 57, 16, 13, 42, 54, 0], 4: [22, 20, 10, 6, 34, 50, 45, 21, 36, 29], 5: [47, 49, 11, 48, 2, 28, 1, 12, 37, 27]}
Attribute list: {0: [9, 38, 8, 40, 34, 28, 25, 31, 32], 1: [23, 26, 14, 6, 2, 53, 41, 52, 0], 2: [56, 19, 10, 48, 18, 5, 58, 54, 29], 3: [59, 20, 11, 15, 46, 43, 42, 36, 27], 4: [22, 49, 30, 44, 17, 13, 21, 37], 5: [47, 7, 24, 39, 16, 45, 12, 55], 6: [35, 51, 4, 57, 50, 1, 33, 3]}
Attribute list: {0: [9, 26, 10, 15, 17, 45, 33, 32], 1: [23, 19, 11, 44, 16, 1, 31, 0], 2: [56, 20, 30, 39, 50, 25, 52, 29], 3: [59, 49, 24, 57, 28, 41, 54, 27], 4: [22, 7, 4, 34, 53, 58, 36], 5: [47, 51, 40, 2, 5, 42, 37], 6: [35, 8, 6, 18, 43, 21, 55], 7: [38, 14, 48, 46, 13, 12, 3]}
Attribute list: {0: [9, 19, 30, 57, 53, 42, 55], 1: [23, 20, 24, 34, 5, 21, 3], 2: [56, 49, 4, 2, 43, 12, 32], 3: [59, 7, 40, 18, 13, 33, 0], 4: [22, 51, 6, 46, 45, 31, 29], 5: [47, 8, 48, 17, 1, 52, 27], 6: [35, 14, 15, 16, 25, 54], 7: [38, 10, 44, 50, 41, 36], 8: [26, 11, 39, 28, 58, 37]}
Attribute list: {0: [9, 20, 4, 18, 45, 52], 1: [23, 49, 40, 46, 1, 54], 2: [56, 7, 6, 17, 25, 36], 3: [59, 51, 48, 16, 41, 37], 4: [22, 8, 15, 50, 58, 55], 5: [47, 14, 44, 28, 42, 3], 6: [35, 10, 39, 53, 21, 32], 7: [38, 11, 57, 5, 12, 0], 8: [26, 30, 34, 43, 33, 29], 9: [19, 24, 2, 13, 31, 27]}
Attribute list: {0: [9, 49, 6, 16, 58, 3], 1: [23, 7, 48, 50, 42, 32], 2: [56, 51, 15, 28, 21, 0], 3: [59, 8, 44, 53, 12, 29], 4: [22, 14, 39, 5, 33, 27], 5: [47, 10, 57, 43, 31], 6: [35, 11, 34, 13, 52], 7: [38, 30, 2, 45, 54], 8: [26, 24, 18, 1, 36], 9: [19, 4, 46, 25, 37], 10: [20, 40, 17, 41, 55]}
Attribute list: {0: [9, 7, 15, 53, 33], 1: [23, 51, 44, 5, 31], 2: [56, 8, 39, 43, 52], 3: [59, 14, 57, 13, 54], 4: [22, 10, 34, 45, 36], 5: [47, 11, 2, 1, 37], 6: [35, 30, 18, 25, 55], 7: [38, 24, 46, 41, 3], 8: [26, 4, 17, 58, 32], 9: [19, 40, 16, 42, 0], 10: [20, 6, 50, 21, 29], 11: [49, 48, 28, 12, 27]}
Attribute list: {0: [9, 51, 39, 13, 36], 1: [23, 8, 57, 45, 37], 2: [56, 14, 34, 1, 55], 3: [59, 10, 2, 25, 3], 4: [22, 11, 18, 41, 32], 5: [47, 30, 46, 58, 0], 6: [35, 24, 17, 42, 29], 7: [38, 4, 16, 21, 27], 8: [26, 40, 50, 12], 9: [19, 6, 28, 33], 10: [20, 48, 53, 31], 11: [49, 15, 5, 52], 12: [7, 44, 43, 54]}
Attribute list: {0: [9, 8, 34, 25, 32], 1: [23, 14, 2, 41, 0], 2: [56, 10, 18, 58, 29], 3: [59, 11, 46, 42, 27], 4: [22, 30, 17, 21], 5: [47, 24, 16, 12], 6: [35, 4, 50, 33], 7: [38, 40, 28, 31], 8: [26, 6, 53, 52], 9: [19, 48, 5, 54], 10: [20, 15, 43, 36], 11: [49, 44, 13, 37], 12: [7, 39, 45, 55], 13: [51, 57, 1, 3]}
Attribute list: {0: [9, 14, 18, 42], 1: [23, 10, 46, 21], 2: [56, 11, 17, 12], 3: [59, 30, 16, 33], 4: [22, 24, 50, 31], 5: [47, 4, 28, 52], 6: [35, 40, 53, 54], 7: [38, 6, 5, 36], 8: [26, 48, 43, 37], 9: [19, 15, 13, 55], 10: [20, 44, 45, 3], 11: [49, 39, 1, 32], 12: [7, 57, 25, 0], 13: [51, 34, 41, 29], 14: [8, 2, 58, 27]}
Attribute list: {0: [9, 10, 17, 33], 1: [23, 11, 16, 31], 2: [56, 30, 50, 52], 3: [59, 24, 28, 54], 4: [22, 4, 53, 36], 5: [47, 40, 5, 37], 6: [35, 6, 43, 55], 7: [38, 48, 13, 3], 8: [26, 15, 45, 32], 9: [19, 44, 1, 0], 10: [20, 39, 25, 29], 11: [49, 57, 41, 27], 12: [7, 34, 58], 13: [51, 2, 42], 14: [8, 18, 21], 15: [14, 46, 12]}
Attribute list: {0: [9, 11, 50, 54], 1: [23, 30, 28, 36], 2: [56, 24, 53, 37], 3: [59, 4, 5, 55], 4: [22, 40, 43, 3], 5: [47, 6, 13, 32], 6: [35, 48, 45, 0], 7: [38, 15, 1, 29], 8: [26, 44, 25, 27], 9: [19, 39, 41], 10: [20, 57, 58], 11: [49, 34, 42], 12: [7, 2, 21], 13: [51, 18, 12], 14: [8, 46, 33], 15: [14, 17, 31], 16: [10, 16, 52]}
Attribute list: {0: [9, 30, 53, 55], 1: [23, 24, 5, 3], 2: [56, 4, 43, 32], 3: [59, 40, 13, 0], 4: [22, 6, 45, 29], 5: [47, 48, 1, 27], 6: [35, 15, 25], 7: [38, 44, 41], 8: [26, 39, 58], 9: [19, 57, 42], 10: [20, 34, 21], 11: [49, 2, 12], 12: [7, 18, 33], 13: [51, 46, 31], 14: [8, 17, 52], 15: [14, 16, 54], 16: [10, 50, 36], 17: [11, 28, 37]}
Attribute list: {0: [9, 24, 43, 0], 1: [23, 4, 13, 29], 2: [56, 40, 45, 27], 3: [59, 6, 1], 4: [22, 48, 25], 5: [47, 15, 41], 6: [35, 44, 58], 7: [38, 39, 42], 8: [26, 57, 21], 9: [19, 34, 12], 10: [20, 2, 33], 11: [49, 18, 31], 12: [7, 46, 52], 13: [51, 17, 54], 14: [8, 16, 36], 15: [14, 50, 37], 16: [10, 28, 55], 17: [11, 53, 3], 18: [30, 5, 32]}
Attribute list: {0: [9, 4, 45], 1: [23, 40, 1], 2: [56, 6, 25], 3: [59, 48, 41], 4: [22, 15, 58], 5: [47, 44, 42], 6: [35, 39, 21], 7: [38, 57, 12], 8: [26, 34, 33], 9: [19, 2, 31], 10: [20, 18, 52], 11: [49, 46, 54], 12: [7, 17, 36], 13: [51, 16, 37], 14: [8, 50, 55], 15: [14, 28, 3], 16: [10, 53, 32], 17: [11, 5, 0], 18: [30, 43, 29], 19: [24, 13, 27]}

All Data: 

{K,Avg,StD,Max,Min,Swing)
1,0.76442,0.00000,0.76442,0.76442,0.00000
2,0.74279,0.01202,0.75481,0.73077,0.02404
3,0.73237,0.02840,0.75481,0.69231,0.06250
4,0.72837,0.02368,0.75962,0.69712,0.06250
5,0.71923,0.04187,0.78846,0.66346,0.12500
6,0.71074,0.03939,0.77885,0.67788,0.10096
7,0.69162,0.07275,0.79327,0.57212,0.22115
8,0.69171,0.06775,0.75481,0.53365,0.22115
9,0.69658,0.04547,0.78846,0.64904,0.13942
10,0.68221,0.05381,0.76923,0.60577,0.16346
11,0.66827,0.05067,0.75962,0.56250,0.19712
12,0.66707,0.06648,0.75962,0.53365,0.22596
13,0.66827,0.05682,0.73077,0.53365,0.19712
14,0.64938,0.06638,0.77404,0.53365,0.24038
15,0.67468,0.05965,0.79808,0.59615,0.20192
16,0.65355,0.05780,0.73077,0.53365,0.19712
17,0.64734,0.07589,0.77885,0.53365,0.24519
18,0.63568,0.05806,0.75000,0.53365,0.21635
19,0.63310,0.07184,0.74519,0.52885,0.21635
20,0.62957,0.06815,0.75481,0.52885,0.22596

-Detailed Info

1,[0.76442307692307687]
2,[0.75480769230769229, 0.73076923076923073]
3,[0.69230769230769229, 0.75480769230769229, 0.75]
4,[0.75961538461538458, 0.74038461538461542, 0.69711538461538458, 0.71634615384615385]
5,[0.72115384615384615, 0.78846153846153844, 0.73076923076923073, 0.69230769230769229, 0.66346153846153844]
6,[0.67788461538461542, 0.69711538461538458, 0.68269230769230771, 0.67788461538461542, 0.77884615384615385, 0.75]
7,[0.64903846153846156, 0.57211538461538458, 0.76923076923076927, 0.79326923076923073, 0.66346153846153844, 0.74038461538461542, 0.65384615384615385]
8,[0.75480769230769229, 0.73557692307692313, 0.65384615384615385, 0.53365384615384615, 0.6875, 0.69230769230769229, 0.74519230769230771, 0.73076923076923073]
9,[0.67307692307692313, 0.64903846153846156, 0.6875, 0.64903846153846156, 0.71153846153846156, 0.74038461538461542, 0.64903846153846156, 0.78846153846153844, 0.72115384615384615]
10,[0.70192307692307687, 0.60576923076923073, 0.64423076923076927, 0.74038461538461542, 0.70673076923076927, 0.63461538461538458, 0.76923076923076927, 0.74038461538461542, 0.65384615384615385, 0.625]
11,[0.65384615384615385, 0.72115384615384615, 0.62980769230769229, 0.65865384615384615, 0.5625, 0.75961538461538458, 0.70192307692307687, 0.63942307692307687, 0.65384615384615385, 0.71153846153846156, 0.65865384615384615]
12,[0.70673076923076927, 0.67307692307692313, 0.65865384615384615, 0.53365384615384615, 0.75961538461538458, 0.74038461538461542, 0.67788461538461542, 0.67307692307692313, 0.53846153846153844, 0.6875, 0.64423076923076927, 0.71153846153846156]
13,[0.70192307692307687, 0.71634615384615385, 0.63461538461538458, 0.71153846153846156, 0.73076923076923073, 0.71634615384615385, 0.67307692307692313, 0.625, 0.72115384615384615, 0.64903846153846156, 0.68269230769230771, 0.53365384615384615, 0.59134615384615385]
14,[0.63942307692307687, 0.65384615384615385, 0.77403846153846156, 0.75961538461538458, 0.58653846153846156, 0.70673076923076927, 0.64423076923076927, 0.53365384615384615, 0.54807692307692313, 0.68269230769230771, 0.67307692307692313, 0.63461538461538458, 0.62019230769230771, 0.63461538461538458]
15,[0.73076923076923073, 0.79807692307692313, 0.73557692307692313, 0.60576923076923073, 0.59615384615384615, 0.69230769230769229, 0.70192307692307687, 0.63942307692307687, 0.73076923076923073, 0.63461538461538458, 0.70192307692307687, 0.62019230769230771, 0.60576923076923073, 0.61538461538461542, 0.71153846153846156]
16,[0.73076923076923073, 0.73076923076923073, 0.5625, 0.53365384615384615, 0.65384615384615385, 0.69711538461538458, 0.69230769230769229, 0.70192307692307687, 0.63942307692307687, 0.69230769230769229, 0.62980769230769229, 0.57211538461538458, 0.62980769230769229, 0.625, 0.65865384615384615, 0.70673076923076927]
17,[0.75480769230769229, 0.61057692307692313, 0.53365384615384615, 0.53365384615384615, 0.66346153846153844, 0.71153846153846156, 0.74038461538461542, 0.53365384615384615, 0.64423076923076927, 0.68269230769230771, 0.65384615384615385, 0.64903846153846156, 0.63461538461538458, 0.66346153846153844, 0.68269230769230771, 0.53365384615384615, 0.77884615384615385]
18,[0.625, 0.53365384615384615, 0.64903846153846156, 0.59134615384615385, 0.63942307692307687, 0.67307692307692313, 0.65865384615384615, 0.59134615384615385, 0.53365384615384615, 0.67788461538461542, 0.63942307692307687, 0.64903846153846156, 0.63942307692307687, 0.67788461538461542, 0.67307692307692313, 0.53365384615384615, 0.75, 0.70673076923076927]
19,[0.72596153846153844, 0.57211538461538458, 0.55769230769230771, 0.53365384615384615, 0.70673076923076927, 0.67307692307692313, 0.72596153846153844, 0.58173076923076927, 0.59615384615384615, 0.66826923076923073, 0.625, 0.625, 0.66346153846153844, 0.53365384615384615, 0.6875, 0.52884615384615385, 0.74519230769230771, 0.71634615384615385, 0.5625]
20,[0.71153846153846156, 0.54326923076923073, 0.53365384615384615, 0.64423076923076927, 0.55769230769230771, 0.61057692307692313, 0.67788461538461542, 0.64423076923076927, 0.58653846153846156, 0.64423076923076927, 0.66826923076923073, 0.62019230769230771, 0.65384615384615385, 0.53365384615384615, 0.70673076923076927, 0.52884615384615385, 0.73076923076923073, 0.75480769230769229, 0.67307692307692313, 0.56730769230769229]

Done in: 2.9998117210006967 seconds

Skipping iteration 4, continuing on to the next!
Skipping iteration 5, continuing on to the next!

------ END OF datasets/sonar.csv ------ 


--------------- Starting analysis for file: datasets/kdd10_2

Num features in file: 41

Test iteration: 0


yx: [(847689.86574042263, 11), (646359.98290972959, 22), (349119.3686421102, 31), (233753.43135883525, 23), (226620.70486279076, 3), (147866.71915600292, 35), (100552.14242009805, 1), (87814.677531286463, 2), (75292.186914129445, 30), (32182.292915282651, 28), (27032.024580317418, 38), (26957.77567581218, 24), (26827.888548405415, 37), (26816.195522900747, 25), (23143.667934380188, 36), (7014.202012175173, 0), (6814.9492925181521, 34), (6062.5828314566807, 33), (1858.7671812530182, 32), (1474.3050182440702, 18), (714.62319371328863, 5), (529.13746362172174, 21), (257.7659058841075, 7), (175.21559359367697, 16), (171.81558095227206, 17), (134.91331316058358, 29), (72.859390849127323, 13), (62.850999546870312, 15), (38.167993873326076, 14), (22.945811748126321, 9), (13.689050807513912, 12), (12.7811200896867, 6), (11.112166860987067, 40), (10.883995636092925, 26), (10.789952010344907, 27), (5.5296257589878355, 8), (3.6013177903790869, 10), (3.1499190504109165, 39), (0.40465463452964751, 4), (0, 19), (0, 20)]


----- SVM_LINEAR Op: 0 --

Attribute list: {0: [11, 22, 31, 23, 3, 35, 1, 2, 30, 28, 38, 24, 37, 25, 36, 0, 34, 33, 32, 18, 5, 21, 7, 16, 17, 29, 13, 15, 14, 9, 12, 6, 40, 26, 27, 8, 10, 39, 4, 19, 20]}
Attribute list: {0: [11, 31, 3, 1, 30, 38, 37, 36, 34, 32, 5, 7, 17, 13, 14, 12, 40, 27, 10, 4, 20], 1: [22, 23, 35, 2, 28, 24, 25, 0, 33, 18, 21, 16, 29, 15, 9, 6, 26, 8, 39, 19]}
Attribute list: {0: [11, 23, 1, 28, 37, 0, 32, 21, 17, 15, 12, 26, 10, 19], 1: [22, 3, 2, 38, 25, 34, 18, 7, 29, 14, 6, 27, 39, 20], 2: [31, 35, 30, 24, 36, 33, 5, 16, 13, 9, 40, 8, 4]}
Attribute list: {0: [11, 3, 30, 37, 34, 5, 17, 14, 40, 10, 20], 1: [22, 35, 28, 25, 33, 21, 29, 9, 26, 39], 2: [31, 1, 38, 36, 32, 7, 13, 12, 27, 4], 3: [23, 2, 24, 0, 18, 16, 15, 6, 8, 19]}
Attribute list: {0: [11, 35, 38, 0, 5, 29, 12, 8, 20], 1: [22, 1, 24, 34, 21, 13, 6, 10], 2: [31, 2, 37, 33, 7, 15, 40, 39], 3: [23, 30, 25, 32, 16, 14, 26, 4], 4: [3, 28, 36, 18, 17, 9, 27, 19]}
Attribute list: {0: [11, 1, 37, 32, 17, 12, 10], 1: [22, 2, 25, 18, 29, 6, 39], 2: [31, 30, 36, 5, 13, 40, 4], 3: [23, 28, 0, 21, 15, 26, 19], 4: [3, 38, 34, 7, 14, 27, 20], 5: [35, 24, 33, 16, 9, 8]}
Attribute list: {0: [11, 2, 36, 21, 14, 8], 1: [22, 30, 0, 7, 9, 10], 2: [31, 28, 34, 16, 12, 39], 3: [23, 38, 33, 17, 6, 4], 4: [3, 24, 32, 29, 40, 19], 5: [35, 37, 18, 13, 26, 20], 6: [1, 25, 5, 15, 27]}
Attribute list: {0: [11, 30, 34, 17, 40, 20], 1: [22, 28, 33, 29, 26], 2: [31, 38, 32, 13, 27], 3: [23, 24, 18, 15, 8], 4: [3, 37, 5, 14, 10], 5: [35, 25, 21, 9, 39], 6: [1, 36, 7, 12, 4], 7: [2, 0, 16, 6, 19]}
Attribute list: {0: [11, 28, 32, 15, 10], 1: [22, 38, 18, 14, 39], 2: [31, 24, 5, 9, 4], 3: [23, 37, 21, 12, 19], 4: [3, 25, 7, 6, 20], 5: [35, 36, 16, 40], 6: [1, 0, 17, 26], 7: [2, 34, 29, 27], 8: [30, 33, 13, 8]}
Attribute list: {0: [11, 38, 5, 12, 20], 1: [22, 24, 21, 6], 2: [31, 37, 7, 40], 3: [23, 25, 16, 26], 4: [3, 36, 17, 27], 5: [35, 0, 29, 8], 6: [1, 34, 13, 10], 7: [2, 33, 15, 39], 8: [30, 32, 14, 4], 9: [28, 18, 9, 19]}
Attribute list: {0: [11, 24, 7, 26], 1: [22, 37, 16, 27], 2: [31, 25, 17, 8], 3: [23, 36, 29, 10], 4: [3, 0, 13, 39], 5: [35, 34, 15, 4], 6: [1, 33, 14, 19], 7: [2, 32, 9, 20], 8: [30, 18, 12], 9: [28, 5, 6], 10: [38, 21, 40]}
Attribute list: {0: [11, 37, 17, 10], 1: [22, 25, 29, 39], 2: [31, 36, 13, 4], 3: [23, 0, 15, 19], 4: [3, 34, 14, 20], 5: [35, 33, 9], 6: [1, 32, 12], 7: [2, 18, 6], 8: [30, 5, 40], 9: [28, 21, 26], 10: [38, 7, 27], 11: [24, 16, 8]}
Attribute list: {0: [11, 25, 13, 19], 1: [22, 36, 15, 20], 2: [31, 0, 14], 3: [23, 34, 9], 4: [3, 33, 12], 5: [35, 32, 6], 6: [1, 18, 40], 7: [2, 5, 26], 8: [30, 21, 27], 9: [28, 7, 8], 10: [38, 16, 10], 11: [24, 17, 39], 12: [37, 29, 4]}
Attribute list: {0: [11, 36, 14], 1: [22, 0, 9], 2: [31, 34, 12], 3: [23, 33, 6], 4: [3, 32, 40], 5: [35, 18, 26], 6: [1, 5, 27], 7: [2, 21, 8], 8: [30, 7, 10], 9: [28, 16, 39], 10: [38, 17, 4], 11: [24, 29, 19], 12: [37, 13, 20], 13: [25, 15]}
Attribute list: {0: [11, 0, 12], 1: [22, 34, 6], 2: [31, 33, 40], 3: [23, 32, 26], 4: [3, 18, 27], 5: [35, 5, 8], 6: [1, 21, 10], 7: [2, 7, 39], 8: [30, 16, 4], 9: [28, 17, 19], 10: [38, 29, 20], 11: [24, 13], 12: [37, 15], 13: [25, 14], 14: [36, 9]}
Attribute list: {0: [11, 34, 40], 1: [22, 33, 26], 2: [31, 32, 27], 3: [23, 18, 8], 4: [3, 5, 10], 5: [35, 21, 39], 6: [1, 7, 4], 7: [2, 16, 19], 8: [30, 17, 20], 9: [28, 29], 10: [38, 13], 11: [24, 15], 12: [37, 14], 13: [25, 9], 14: [36, 12], 15: [0, 6]}
Attribute list: {0: [11, 33, 27], 1: [22, 32, 8], 2: [31, 18, 10], 3: [23, 5, 39], 4: [3, 21, 4], 5: [35, 7, 19], 6: [1, 16, 20], 7: [2, 17], 8: [30, 29], 9: [28, 13], 10: [38, 15], 11: [24, 14], 12: [37, 9], 13: [25, 12], 14: [36, 6], 15: [0, 40], 16: [34, 26]}
Attribute list: {0: [11, 32, 10], 1: [22, 18, 39], 2: [31, 5, 4], 3: [23, 21, 19], 4: [3, 7, 20], 5: [35, 16], 6: [1, 17], 7: [2, 29], 8: [30, 13], 9: [28, 15], 10: [38, 14], 11: [24, 9], 12: [37, 12], 13: [25, 6], 14: [36, 40], 15: [0, 26], 16: [34, 27], 17: [33, 8]}
Attribute list: {0: [11, 18, 4], 1: [22, 5, 19], 2: [31, 21, 20], 3: [23, 7], 4: [3, 16], 5: [35, 17], 6: [1, 29], 7: [2, 13], 8: [30, 15], 9: [28, 14], 10: [38, 9], 11: [24, 12], 12: [37, 6], 13: [25, 40], 14: [36, 26], 15: [0, 27], 16: [34, 8], 17: [33, 10], 18: [32, 39]}
Attribute list: {0: [11, 5, 20], 1: [22, 21], 2: [31, 7], 3: [23, 16], 4: [3, 17], 5: [35, 29], 6: [1, 13], 7: [2, 15], 8: [30, 14], 9: [28, 9], 10: [38, 12], 11: [24, 6], 12: [37, 40], 13: [25, 26], 14: [36, 27], 15: [0, 8], 16: [34, 10], 17: [33, 39], 18: [32, 4], 19: [18, 19]}

All Data: 

{K,Avg,StD,Max,Min,Swing)
1,0.99295,0.00000,0.99295,0.99295,0.00000
2,0.98792,0.00094,0.98886,0.98698,0.00188
3,0.98217,0.00625,0.98895,0.97386,0.01509
4,0.96321,0.01873,0.98569,0.94069,0.04500
5,0.96520,0.02171,0.98396,0.93709,0.04688
6,0.95124,0.03177,0.98477,0.90451,0.08026
7,0.95885,0.02420,0.98119,0.90771,0.07348
8,0.91707,0.05633,0.98323,0.81243,0.17081
9,0.89216,0.06124,0.98446,0.80561,0.17885
10,0.87483,0.06725,0.98388,0.79892,0.18496
11,0.87290,0.06683,0.98425,0.80056,0.18370
12,0.86796,0.06593,0.98474,0.80309,0.18165
13,0.86322,0.06856,0.97975,0.80309,0.17666
14,0.85986,0.06787,0.97966,0.80309,0.17657
15,0.84537,0.06227,0.97952,0.80309,0.17642
16,0.83335,0.05422,0.98209,0.80309,0.17900
17,0.83414,0.05248,0.98208,0.80309,0.17899
18,0.82970,0.05136,0.97951,0.80309,0.17642
19,0.82827,0.05034,0.97944,0.80309,0.17635
20,0.82711,0.04941,0.97941,0.80309,0.17632

-Detailed Info

1,[0.99294564401108454]
2,[0.98885877321004567, 0.98698031055359992]
3,[0.98369704931571733, 0.98894986245523975, 0.97385941083476213]
4,[0.97721554346879991, 0.98569089168274227, 0.94925316939968141, 0.94068875614599379]
5,[0.94020092263284349, 0.98396424443495312, 0.93708769465265651, 0.98270114023492927, 0.98204732187498101]
6,[0.93786094113408136, 0.98477392661445562, 0.90451013216037379, 0.98037127976341087, 0.97924379732845368, 0.92066531584689715]
7,[0.97217527190139685, 0.98118905876470841, 0.90770635256395982, 0.96851550845004564, 0.97794425743035218, 0.96360681023681183, 0.9407899664184316]
8,[0.94239718554474405, 0.98323350626795214, 0.91295309308713601, 0.93993575171905652, 0.94114015396106643, 0.96489825331311829, 0.81242700209100427, 0.83955540351523517]
9,[0.95031182884938092, 0.98446017476989844, 0.89742338888427819, 0.93987097714469625, 0.94337690098194205, 0.83478030286161919, 0.80561150234504197, 0.83952706463895255, 0.83412041188532471]
10,[0.93786094113408136, 0.98388327621700289, 0.89854682290833787, 0.97592207618704463, 0.87113705692672982, 0.80593132680594548, 0.79892150333690271, 0.8395392098716451, 0.83258403994971875, 0.80397796854789572]
11,[0.93786498954497888, 0.9842537058141253, 0.89739909841889309, 0.95316191012122964, 0.81217195220446092, 0.80055706133949767, 0.93726582473214703, 0.83952706463895255, 0.83333299596575849, 0.80314197169755941, 0.80321686729916342]
12,[0.93786701375042758, 0.98473749091637808, 0.901004208323128, 0.81145740768105001, 0.80311160861582809, 0.95583183710813913, 0.93024588023586041, 0.84041366662550787, 0.8326953712494003, 0.81198167689227785, 0.8030913665613405, 0.80312172964307182]
13,[0.93786498954497888, 0.97975389710154026, 0.89891117988911406, 0.8030913665613405, 0.96498731835286355, 0.94840502731665255, 0.80397796854789572, 0.83956552454247901, 0.83275407320741424, 0.80309541497223802, 0.80311970543762312, 0.80318245580653458, 0.8030913665613405]
14,[0.93575981587827239, 0.97966078365089748, 0.8975711558820374, 0.96301574224577502, 0.95809287459439985, 0.80397796854789572, 0.80324115776454852, 0.83965863799312179, 0.83294434851959731, 0.81159707785701418, 0.80318245580653458, 0.8030913665613405, 0.80312577805396934, 0.80310351179403305]
15,[0.94030415711073012, 0.97951504085858698, 0.89668050548458467, 0.95767993668285356, 0.80397796854789572, 0.80323913355909971, 0.80321889150461212, 0.84147030186975857, 0.83266905657856649, 0.80318245580653458, 0.8030913665613405, 0.80312577805396934, 0.80310351179403305, 0.80311160861582809, 0.80619042510338634]
16,[0.93959163679276791, 0.98209387860030239, 0.89677361893522745, 0.80397594434244701, 0.80326949664083103, 0.80317435898473954, 0.8030913665613405, 0.83955540351523517, 0.83272168592023421, 0.8045366492517525, 0.80312375384852064, 0.80310351179403305, 0.80311160861582809, 0.8030913665613405, 0.8062045945415276, 0.80615196519985988]
17,[0.93786498954497888, 0.98207970916216114, 0.89699628153459066, 0.84722309375512372, 0.80321889150461212, 0.8030913665613405, 0.80318043160108576, 0.83961815388414662, 0.83263262088048884, 0.80312577805396934, 0.80310351179403305, 0.80311160861582809, 0.8030913665613405, 0.80309541497223802, 0.80685436449057835, 0.80616208622710372, 0.80592120577870174]
18,[0.93786498954497888, 0.97951099244768947, 0.89644164924163139, 0.80321889150461212, 0.8030913665613405, 0.80339702158410276, 0.80318245580653458, 0.83952706463895255, 0.83266905657856649, 0.80310351179403305, 0.80311160861582809, 0.8030913665613405, 0.80309541497223802, 0.8030913665613405, 0.80504877323028778, 0.80616208622710372, 0.80592120577870174, 0.80309541497223802]
19,[0.93786498954497888, 0.97943812105153427, 0.89642545559804143, 0.8030913665613405, 0.80352657073282308, 0.80318245580653458, 0.8030913665613405, 0.8395614761315815, 0.8326467903186302, 0.80311160861582809, 0.8030913665613405, 0.80309541497223802, 0.8030893423558918, 0.8030913665613405, 0.80509532995560917, 0.80616208622710372, 0.80543944488189778, 0.80309339076678932, 0.8030913665613405]
20,[0.93786498954497888, 0.97940978217525165, 0.89738897739164936, 0.80352657073282308, 0.80318245580653458, 0.8030913665613405, 0.80312577805396934, 0.8395392098716451, 0.83265286293497642, 0.8030913665613405, 0.80309541497223802, 0.8030893423558918, 0.8030913665613405, 0.8030913665613405, 0.80511557201009676, 0.80615601361075739, 0.80544146908734648, 0.8030913665613405, 0.8030913665613405, 0.80397796854789572]

Done in: 3687.4204525199993 seconds


----- SVM_LINEAR Op: 1 --

Attribute list: {0: [11, 22, 31, 23, 3, 35, 1, 2, 30, 28, 38, 24, 37, 25, 36, 0, 34, 33, 32, 18, 5, 21, 7, 16, 17, 29, 13, 15, 14, 9, 12, 6, 40, 26, 27, 8, 10, 39, 4, 19, 20]}
