
 *** *** *** *** NEW FILE OPEN *** *** *** *** 

Num features in file: 10
Test iteration: 0. Op: 0

All Data: 

3,0.94182,0.00576,0.94993,0.93705,0.01288
4,0.93419,0.01490,0.94993,0.91416,0.03577
5,0.91702,0.03095,0.94421,0.86123,0.08298
6,0.90081,0.03406,0.93705,0.86123,0.07582
7,0.89352,0.03170,0.93276,0.86123,0.07153
8,0.88859,0.02687,0.92704,0.86123,0.06581
9,0.87268,0.04554,0.92704,0.76252,0.16452
10,0.85093,0.07824,0.92704,0.65522,0.27182
11,0.85093,0.07824,0.92704,0.65522,0.27182
12,0.85093,0.07824,0.92704,0.65522,0.27182

Skipping op 1

Test iteration: 1. Op: 0

All Data: 

3,0.95279,0.01071,0.96423,0.93848,0.02575
4,0.94170,0.01033,0.95279,0.92704,0.02575
5,0.92704,0.00707,0.93562,0.91416,0.02146
6,0.91249,0.02082,0.92704,0.86695,0.06009
7,0.90149,0.02439,0.92704,0.86409,0.06295
8,0.89056,0.02513,0.92704,0.86123,0.06581
9,0.87315,0.04439,0.92704,0.76681,0.16023
10,0.85093,0.07824,0.92704,0.65522,0.27182
11,0.85093,0.07824,0.92704,0.65522,0.27182
12,0.85093,0.07824,0.92704,0.65522,0.27182

Skipping op 1

Test iteration: 2. Op: 0

All Data: 

3,0.95041,0.01007,0.96137,0.93705,0.02432
4,0.93777,0.00619,0.94707,0.92990,0.01717
5,0.92790,0.01189,0.94993,0.91416,0.03577
6,0.91345,0.02263,0.93562,0.86695,0.06867
7,0.90354,0.02358,0.92847,0.86409,0.06438
8,0.89056,0.02513,0.92704,0.86123,0.06581
9,0.87315,0.04439,0.92704,0.76681,0.16023
10,0.87315,0.04439,0.92704,0.76681,0.16023
11,0.87315,0.04439,0.92704,0.76681,0.16023
12,0.87315,0.04439,0.92704,0.76681,0.16023

Skipping op 1

Test iteration: 3. Op: 0

All Data: 

3,0.95088,0.00714,0.95851,0.94134,0.01717
4,0.93777,0.00619,0.94707,0.92990,0.01717
5,0.92790,0.01189,0.94993,0.91416,0.03577
6,0.91345,0.02263,0.93562,0.86695,0.06867
7,0.90354,0.02358,0.92847,0.86409,0.06438
8,0.89056,0.02513,0.92704,0.86123,0.06581
9,0.87315,0.04439,0.92704,0.76681,0.16023
10,0.87315,0.04439,0.92704,0.76681,0.16023
11,0.87315,0.04439,0.92704,0.76681,0.16023
12,0.87315,0.04439,0.92704,0.76681,0.16023

Skipping op 1

Test iteration: 4. Op: 0

All Data: 

3,0.94468,0.01146,0.95279,0.92847,0.02432
4,0.92597,0.01896,0.94564,0.89843,0.04721
5,0.91903,0.01398,0.93562,0.90129,0.03433
6,0.91035,0.02980,0.94707,0.86409,0.08298
7,0.89843,0.02947,0.94850,0.86409,0.08441
8,0.88734,0.02640,0.92990,0.86123,0.06867
9,0.87268,0.04554,0.92704,0.76252,0.16452
10,0.85093,0.07824,0.92704,0.65522,0.27182
11,0.85093,0.07824,0.92704,0.65522,0.27182
12,0.85093,0.07824,0.92704,0.65522,0.27182

Skipping op 1

Test iteration: 5. Op: 0

All Data: 

3,0.94611,0.01302,0.96423,0.93419,0.03004
4,0.93705,0.00694,0.94421,0.92561,0.01860
5,0.92303,0.02982,0.94421,0.86409,0.08011
6,0.90582,0.03022,0.94421,0.86409,0.08011
7,0.89945,0.02657,0.93133,0.86409,0.06724
8,0.88716,0.02453,0.92704,0.86123,0.06581
9,0.87268,0.04554,0.92704,0.76252,0.16452
10,0.85093,0.07824,0.92704,0.65522,0.27182
11,0.85093,0.07824,0.92704,0.65522,0.27182
12,0.85093,0.07824,0.92704,0.65522,0.27182

Skipping op 1

Test iteration: 6. Op: 0

All Data: 

3,0.94516,0.00357,0.94993,0.94134,0.00858
4,0.93741,0.01177,0.95565,0.92275,0.03290
5,0.91760,0.02106,0.94134,0.88412,0.05722
6,0.91202,0.02765,0.94421,0.87268,0.07153
7,0.90231,0.02574,0.93848,0.86695,0.07153
8,0.89056,0.02513,0.92704,0.86123,0.06581
9,0.87315,0.04439,0.92704,0.76681,0.16023
10,0.87315,0.04439,0.92704,0.76681,0.16023
11,0.87315,0.04439,0.92704,0.76681,0.16023
12,0.87315,0.04439,0.92704,0.76681,0.16023

Skipping op 1

Test iteration: 7. Op: 0

All Data: 

3,0.94945,0.01085,0.96423,0.93848,0.02575
4,0.93813,0.01091,0.95565,0.92704,0.02861
5,0.92361,0.02326,0.94850,0.88412,0.06438
6,0.90987,0.03037,0.94993,0.86695,0.08298
7,0.90190,0.02934,0.93848,0.86409,0.07439
8,0.89056,0.02513,0.92704,0.86123,0.06581
9,0.87315,0.04439,0.92704,0.76681,0.16023
10,0.87315,0.04439,0.92704,0.76681,0.16023
11,0.87315,0.04439,0.92704,0.76681,0.16023
12,0.87315,0.04439,0.92704,0.76681,0.16023

Skipping op 1

Test iteration: 8. Op: 0

All Data: 

3,0.94945,0.00337,0.95422,0.94707,0.00715
4,0.94242,0.00779,0.95565,0.93562,0.02003
5,0.91903,0.02972,0.94850,0.86695,0.08155
6,0.90415,0.02739,0.94134,0.86695,0.07439
7,0.90251,0.02603,0.93991,0.86695,0.07296
8,0.89056,0.02513,0.92704,0.86123,0.06581
9,0.87315,0.04439,0.92704,0.76681,0.16023
10,0.87315,0.04439,0.92704,0.76681,0.16023
11,0.87315,0.04439,0.92704,0.76681,0.16023
12,0.87315,0.04439,0.92704,0.76681,0.16023

Skipping op 1

Test iteration: 9. Op: 0

All Data: 

3,0.95136,0.01150,0.96280,0.93562,0.02718
4,0.94170,0.01033,0.95279,0.92704,0.02575
5,0.92704,0.00900,0.94421,0.91845,0.02575
6,0.91631,0.01047,0.92847,0.90129,0.02718
7,0.90108,0.02693,0.93848,0.86409,0.07439
8,0.89056,0.02513,0.92704,0.86123,0.06581
9,0.87315,0.04439,0.92704,0.76681,0.16023
10,0.87315,0.04439,0.92704,0.76681,0.16023
11,0.87315,0.04439,0.92704,0.76681,0.16023
12,0.87315,0.04439,0.92704,0.76681,0.16023

Skipping op 1


------ END OF datasets/breast_cancer.csv ------ 

Num features in file: 61
Test iteration: 0. Op: 0

All Data: 

3,0.73767,0.01115,0.75000,0.72300,0.02700
4,0.72600,0.01283,0.74300,0.71000,0.03300
5,0.71660,0.01282,0.73200,0.70100,0.03100
6,0.71233,0.00898,0.72800,0.70100,0.02700
7,0.71157,0.00793,0.72600,0.70000,0.02600
8,0.70562,0.00519,0.71200,0.69900,0.01300
9,0.70711,0.00570,0.71700,0.70000,0.01700
10,0.70600,0.00500,0.71200,0.69700,0.01500
11,0.70509,0.00570,0.71500,0.69700,0.01800
12,0.70392,0.00459,0.71300,0.69800,0.01500

Skipping op 1

Test iteration: 1. Op: 0

All Data: 

3,0.75167,0.00903,0.76200,0.74000,0.02200
4,0.74150,0.02414,0.76000,0.70000,0.06000
5,0.73360,0.01904,0.75100,0.70000,0.05100
6,0.72667,0.02280,0.76200,0.70000,0.06200
7,0.72357,0.01957,0.75000,0.70000,0.05000
8,0.72037,0.01928,0.74600,0.70000,0.04600
9,0.71833,0.01692,0.74600,0.70000,0.04600
10,0.71530,0.01589,0.75600,0.70000,0.05600
11,0.71227,0.01192,0.74200,0.70000,0.04200
12,0.71167,0.01230,0.73600,0.70000,0.03600

Skipping op 1

Test iteration: 2. Op: 0

All Data: 

3,0.75567,0.00386,0.76100,0.75200,0.00900
4,0.74350,0.00770,0.75100,0.73200,0.01900
5,0.73200,0.02129,0.76200,0.70000,0.06200
6,0.72767,0.01861,0.75100,0.70000,0.05100
7,0.72429,0.02016,0.75200,0.70000,0.05200
8,0.72162,0.01757,0.74600,0.70000,0.04600
9,0.71733,0.01600,0.75600,0.70000,0.05600
10,0.71370,0.01176,0.74200,0.70000,0.04200
11,0.71382,0.01464,0.74800,0.70000,0.04800
12,0.71067,0.01268,0.74200,0.70000,0.04200

Skipping op 1

Test iteration: 3. Op: 0

All Data: 

3,0.75867,0.00403,0.76200,0.75300,0.00900
4,0.74550,0.00986,0.75500,0.73000,0.02500
5,0.73080,0.02015,0.76000,0.70000,0.06000
6,0.72633,0.01789,0.75300,0.70000,0.05300
7,0.72400,0.01859,0.74800,0.70000,0.04800
8,0.72287,0.01921,0.75500,0.70000,0.05500
9,0.71656,0.01689,0.75300,0.70000,0.05300
10,0.71410,0.01296,0.74300,0.70000,0.04300
11,0.71436,0.01558,0.74800,0.70000,0.04800
12,0.71308,0.01611,0.74800,0.70000,0.04800

Skipping op 1

Test iteration: 4. Op: 0

All Data: 

3,0.73700,0.01930,0.75900,0.71200,0.04700
4,0.73950,0.01836,0.76000,0.71000,0.05000
5,0.73220,0.02307,0.76000,0.70000,0.06000
6,0.72700,0.02422,0.77100,0.70000,0.07100
7,0.72257,0.02342,0.77100,0.70000,0.07100
8,0.71975,0.02314,0.77100,0.70000,0.07100
9,0.71756,0.02269,0.77100,0.70000,0.07100
10,0.71700,0.02227,0.77100,0.70000,0.07100
11,0.71382,0.01823,0.75200,0.70000,0.05200
12,0.71267,0.01787,0.75200,0.70000,0.05200

Skipping op 1

Test iteration: 5. Op: 0

All Data: 

3,0.75200,0.00707,0.75700,0.74200,0.01500
4,0.73325,0.02070,0.75300,0.70000,0.05300
5,0.72660,0.02280,0.75300,0.70000,0.05300
6,0.72850,0.02311,0.75900,0.70000,0.05900
7,0.71900,0.01742,0.74900,0.70000,0.04900
8,0.71662,0.01746,0.74900,0.70000,0.04900
9,0.71833,0.01921,0.75400,0.70000,0.05400
10,0.71590,0.01791,0.74900,0.70000,0.04900
11,0.71445,0.01768,0.74900,0.70000,0.04900
12,0.71258,0.01536,0.74800,0.70000,0.04800

Skipping op 1

Test iteration: 6. Op: 0

All Data: 

3,0.74467,0.02721,0.77500,0.70900,0.06600
4,0.73350,0.03048,0.77500,0.70000,0.07500
5,0.73160,0.02474,0.76700,0.70000,0.06700
6,0.72533,0.02172,0.75600,0.70000,0.05600
7,0.72171,0.02198,0.75600,0.70000,0.05600
8,0.71900,0.02178,0.75600,0.70000,0.05600
9,0.71611,0.01358,0.73700,0.70000,0.03700
10,0.71460,0.01357,0.74400,0.70000,0.04400
11,0.71264,0.01249,0.73900,0.70000,0.03900
12,0.71158,0.01246,0.73900,0.70000,0.03900

Skipping op 1

Test iteration: 7. Op: 0

All Data: 

3,0.75267,0.03732,0.78200,0.70000,0.08200
4,0.73775,0.02899,0.78100,0.70000,0.08100
5,0.73220,0.02301,0.75500,0.70000,0.05500
6,0.72683,0.02419,0.75500,0.70000,0.05500
7,0.72329,0.02102,0.75700,0.70000,0.05700
8,0.71988,0.01948,0.75000,0.70000,0.05000
9,0.71756,0.01930,0.75000,0.70000,0.05000
10,0.71550,0.02163,0.76300,0.70000,0.06300
11,0.71336,0.01915,0.75000,0.70000,0.05000
12,0.71225,0.01870,0.75000,0.70000,0.05000

Skipping op 1

Test iteration: 8. Op: 0

All Data: 

3,0.75100,0.00572,0.75800,0.74400,0.01400
4,0.73925,0.01689,0.76700,0.72200,0.04500
5,0.73140,0.02179,0.76700,0.70000,0.06700
6,0.72483,0.01887,0.74600,0.70000,0.04600
7,0.72629,0.02630,0.76700,0.70000,0.06700
8,0.72425,0.02531,0.76900,0.70000,0.06900
9,0.72044,0.02054,0.75500,0.70000,0.05500
10,0.71740,0.02367,0.76100,0.70000,0.06100
11,0.71591,0.02340,0.75900,0.70000,0.05900
12,0.71300,0.02309,0.76600,0.70000,0.06600

Skipping op 1

Test iteration: 9. Op: 0

All Data: 

3,0.75667,0.02559,0.78300,0.72200,0.06100
4,0.74150,0.02438,0.76800,0.71200,0.05600
5,0.73260,0.02772,0.76800,0.70000,0.06800
6,0.73000,0.02749,0.76500,0.70000,0.06500
7,0.72571,0.02753,0.76500,0.70000,0.06500
8,0.72275,0.02749,0.76500,0.70000,0.06500
9,0.72000,0.02653,0.76500,0.70000,0.06500
10,0.71790,0.02472,0.76700,0.70000,0.06700
11,0.71682,0.02471,0.76700,0.70000,0.06700
12,0.71475,0.01718,0.74300,0.70000,0.04300

Skipping op 1


------ END OF datasets/credit.csv ------ 

Num features in file: 16
Test iteration: 0. Op: 0

All Data: 

3,0.92551,0.02330,0.94330,0.89260,0.05070
4,0.85424,0.08353,0.94396,0.75384,0.19013
5,0.81748,0.06371,0.90527,0.72448,0.18079
6,0.82544,0.06689,0.93062,0.73516,0.19546
7,0.79872,0.05816,0.90327,0.73115,0.17211
8,0.76743,0.07566,0.93129,0.68379,0.24750
9,0.76844,0.06469,0.88926,0.67578,0.21348
10,0.75610,0.07273,0.87191,0.64710,0.22482
11,0.74419,0.07209,0.87525,0.64710,0.22815
12,0.73254,0.07907,0.91795,0.60574,0.31221

Skipping op 1

Test iteration: 1. Op: 0

All Data: 

3,0.93952,0.00886,0.95130,0.92995,0.02135
4,0.90510,0.04062,0.95197,0.85991,0.09206
5,0.87538,0.05902,0.95130,0.80320,0.14810
6,0.86091,0.06177,0.94863,0.78452,0.16411
7,0.83599,0.07011,0.95130,0.73649,0.21481
8,0.82113,0.06747,0.92662,0.73649,0.19013
9,0.80780,0.07079,0.91928,0.71781,0.20147
10,0.79006,0.08457,0.91995,0.64710,0.27285
11,0.77743,0.08336,0.90127,0.64710,0.25417
12,0.75634,0.07450,0.87392,0.64710,0.22682

Skipping op 1

Test iteration: 2. Op: 0

All Data: 

3,0.94263,0.00822,0.95197,0.93195,0.02001
4,0.90861,0.03516,0.95130,0.87258,0.07872
5,0.88646,0.05013,0.94863,0.80921,0.13943
6,0.85835,0.06778,0.95130,0.78452,0.16678
7,0.83818,0.07001,0.94063,0.74183,0.19880
8,0.82130,0.06622,0.91928,0.72915,0.19013
9,0.80943,0.07947,0.95130,0.70714,0.24416
10,0.79566,0.08424,0.94596,0.67712,0.26885
11,0.77694,0.08323,0.92662,0.67712,0.24950
12,0.75044,0.07103,0.87392,0.64710,0.22682

Skipping op 1

Test iteration: 3. Op: 0

All Data: 

3,0.94730,0.01381,0.95931,0.92795,0.03135
4,0.91111,0.03091,0.95130,0.87658,0.07472
5,0.89073,0.05251,0.96131,0.80987,0.15143
6,0.86658,0.06565,0.96131,0.78452,0.17678
7,0.84656,0.07660,0.96197,0.74183,0.22015
8,0.82613,0.07075,0.94063,0.72915,0.21147
9,0.80943,0.07947,0.95130,0.70714,0.24416
10,0.79566,0.08424,0.94596,0.67712,0.26885
11,0.77694,0.08323,0.92662,0.67712,0.24950
12,0.75634,0.07450,0.87392,0.64710,0.22682

Skipping op 1

Test iteration: 4. Op: 0

All Data: 

3,0.94663,0.00484,0.95330,0.94196,0.01134
4,0.91161,0.03426,0.94930,0.87325,0.07605
5,0.87445,0.05803,0.93129,0.79253,0.13876
6,0.84868,0.04560,0.93062,0.79119,0.13943
7,0.83589,0.05823,0.91928,0.72915,0.19013
8,0.81988,0.06468,0.91928,0.70714,0.21214
9,0.80224,0.08002,0.91928,0.67712,0.24216
10,0.78065,0.06827,0.89393,0.67712,0.21681
11,0.77458,0.07977,0.89393,0.64710,0.24683
12,0.75195,0.10976,0.94863,0.58105,0.36758

Skipping op 1

Test iteration: 5. Op: 0

All Data: 

3,0.94596,0.01481,0.96131,0.92595,0.03536
4,0.90077,0.04734,0.95130,0.83189,0.11941
5,0.87605,0.06829,0.96064,0.79186,0.16878
6,0.84590,0.07294,0.94063,0.73449,0.20614
7,0.82569,0.07904,0.94063,0.70714,0.23349
8,0.81313,0.06905,0.93529,0.70714,0.22815
9,0.79794,0.06575,0.91928,0.70714,0.21214
10,0.78806,0.07777,0.91928,0.68779,0.23149
11,0.76742,0.08953,0.91928,0.60574,0.31354
12,0.75306,0.10165,0.94863,0.60574,0.34290

Skipping op 1

Test iteration: 6. Op: 0

All Data: 

3,0.95397,0.00968,0.96331,0.94063,0.02268
4,0.90010,0.04383,0.94596,0.83923,0.10674
5,0.88072,0.05052,0.93596,0.80254,0.13342
6,0.85201,0.06240,0.94063,0.75384,0.18679
7,0.83084,0.06632,0.96131,0.74716,0.21414
8,0.80787,0.06421,0.91928,0.74183,0.17745
9,0.79698,0.07667,0.93062,0.67712,0.25350
10,0.78599,0.08430,0.93062,0.64710,0.28352
11,0.77185,0.08900,0.94863,0.64710,0.30153
12,0.75356,0.10204,0.94863,0.60574,0.34290

Skipping op 1

Test iteration: 7. Op: 0

All Data: 

3,0.94063,0.00628,0.94863,0.93329,0.01534
4,0.89993,0.05242,0.95197,0.82055,0.13142
5,0.87151,0.06181,0.93863,0.79653,0.14209
6,0.85335,0.05304,0.93062,0.79186,0.13876
7,0.83589,0.06677,0.93062,0.74183,0.18879
8,0.81104,0.06873,0.93062,0.72448,0.20614
9,0.79927,0.08088,0.94863,0.67712,0.27151
10,0.77772,0.08230,0.94863,0.64376,0.30487
11,0.77549,0.07827,0.91928,0.67712,0.24216
12,0.75556,0.09370,0.91928,0.60574,0.31354

Skipping op 1

Test iteration: 8. Op: 0

All Data: 

3,0.95241,0.00886,0.96464,0.94396,0.02068
4,0.92145,0.02219,0.94863,0.89193,0.05670
5,0.89566,0.03788,0.94930,0.84456,0.10474
6,0.86113,0.06484,0.95130,0.73849,0.21281
7,0.83665,0.07730,0.94596,0.73849,0.20747
8,0.82797,0.07772,0.94863,0.72915,0.21948
9,0.80869,0.07154,0.94596,0.71781,0.22815
10,0.79493,0.07892,0.94596,0.67712,0.26885
11,0.77828,0.08059,0.91928,0.67712,0.24216
12,0.75317,0.09070,0.91928,0.58839,0.33089

Skipping op 1

Test iteration: 9. Op: 0

All Data: 

3,0.94241,0.01504,0.96264,0.92662,0.03602
4,0.91911,0.04456,0.96264,0.84456,0.11808
5,0.89953,0.04691,0.96064,0.84456,0.11608
6,0.86791,0.05787,0.95130,0.79119,0.16011
7,0.83265,0.07581,0.94596,0.73115,0.21481
8,0.81162,0.07327,0.94596,0.71781,0.22815
9,0.79964,0.06792,0.90127,0.71781,0.18346
10,0.78439,0.09131,0.94596,0.67712,0.26885
11,0.77045,0.08202,0.90127,0.64710,0.25417
12,0.75317,0.09070,0.91928,0.58839,0.33089

Skipping op 1


------ END OF datasets/digits08.csv ------ 

Num features in file: 60
Test iteration: 0. Op: 0

All Data: 

3,0.80128,0.00227,0.80288,0.79808,0.00481
4,0.78365,0.01799,0.80288,0.75481,0.04808
5,0.78462,0.02049,0.81731,0.76442,0.05288
6,0.74439,0.02639,0.78846,0.71154,0.07692
7,0.72115,0.03768,0.76923,0.66346,0.10577
8,0.72776,0.03565,0.78846,0.65865,0.12981
9,0.72009,0.03203,0.76923,0.67308,0.09615
10,0.71250,0.04061,0.76442,0.64423,0.12019
11,0.72159,0.03698,0.78846,0.68269,0.10577
12,0.69431,0.01761,0.72115,0.66346,0.05769

Skipping op 1

Test iteration: 1. Op: 0

All Data: 

3,0.83654,0.00785,0.84615,0.82692,0.01923
4,0.81250,0.02633,0.84135,0.77404,0.06731
5,0.80769,0.01799,0.82692,0.78365,0.04327
6,0.79808,0.01923,0.82212,0.76442,0.05769
7,0.77747,0.01660,0.79808,0.75481,0.04327
8,0.77885,0.02521,0.81731,0.75000,0.06731
9,0.76122,0.02483,0.81250,0.73077,0.08173
10,0.75913,0.02045,0.80288,0.73077,0.07212
11,0.75481,0.02796,0.78846,0.69712,0.09135
12,0.74519,0.02521,0.78365,0.69712,0.08654

Skipping op 1

Test iteration: 2. Op: 0

All Data: 

3,0.82532,0.01634,0.84135,0.80288,0.03846
4,0.81490,0.01295,0.82692,0.79327,0.03365
5,0.80865,0.01704,0.83173,0.78365,0.04808
6,0.78526,0.01792,0.80769,0.75962,0.04808
7,0.78915,0.02172,0.81731,0.75481,0.06250
8,0.77163,0.02255,0.81250,0.75000,0.06250
9,0.76603,0.02174,0.81731,0.73558,0.08173
10,0.76202,0.02227,0.78846,0.73077,0.05769
11,0.75000,0.02170,0.78365,0.72115,0.06250
12,0.74760,0.02276,0.77885,0.69712,0.08173

Skipping op 1

Test iteration: 3. Op: 0

All Data: 

3,0.82692,0.01711,0.84135,0.80288,0.03846
4,0.82212,0.01075,0.83654,0.80769,0.02885
5,0.81346,0.01231,0.83173,0.79808,0.03365
6,0.79407,0.02668,0.83654,0.75962,0.07692
7,0.79327,0.02313,0.82212,0.75481,0.06731
8,0.77284,0.02328,0.81250,0.75000,0.06250
9,0.77457,0.03111,0.83173,0.73077,0.10096
10,0.76779,0.02006,0.79327,0.73558,0.05769
11,0.75918,0.02055,0.79808,0.72115,0.07692
12,0.74920,0.02254,0.77885,0.69712,0.08173

Skipping op 1

Test iteration: 4. Op: 0

All Data: 

3,0.83494,0.02300,0.85577,0.80288,0.05288
4,0.82933,0.03943,0.87500,0.76923,0.10577
5,0.79615,0.03169,0.83654,0.75962,0.07692
6,0.78526,0.02162,0.80769,0.75481,0.05288
7,0.78297,0.03335,0.84135,0.74038,0.10096
8,0.77464,0.03045,0.82212,0.72596,0.09615
9,0.76442,0.02858,0.82212,0.73558,0.08654
10,0.75625,0.03546,0.80769,0.70192,0.10577
11,0.74956,0.02924,0.81250,0.69712,0.11538
12,0.74279,0.03025,0.78846,0.70673,0.08173

Skipping op 1

Test iteration: 5. Op: 0

All Data: 

3,0.80449,0.03873,0.83654,0.75000,0.08654
4,0.80168,0.03250,0.85577,0.76923,0.08654
5,0.79231,0.02743,0.82212,0.74038,0.08173
6,0.79006,0.03518,0.82692,0.72115,0.10577
7,0.78640,0.02005,0.81731,0.75481,0.06250
8,0.76923,0.02306,0.80288,0.73558,0.06731
9,0.75694,0.02312,0.77885,0.71635,0.06250
10,0.75385,0.02487,0.79327,0.69231,0.10096
11,0.74694,0.03848,0.80288,0.69231,0.11058
12,0.73918,0.03079,0.78846,0.69231,0.09615

Skipping op 1

Test iteration: 6. Op: 0

All Data: 

3,0.81731,0.00785,0.82692,0.80769,0.01923
4,0.80048,0.02392,0.83173,0.76442,0.06731
5,0.80096,0.01413,0.81731,0.78365,0.03365
6,0.78766,0.02668,0.82212,0.74519,0.07692
7,0.78297,0.01614,0.81250,0.75481,0.05769
8,0.77644,0.01997,0.79808,0.73558,0.06250
9,0.76976,0.02807,0.81250,0.72115,0.09135
10,0.75865,0.02899,0.80769,0.70192,0.10577
11,0.74869,0.01978,0.77885,0.70673,0.07212
12,0.73998,0.03081,0.79808,0.69231,0.10577

Skipping op 1

Test iteration: 7. Op: 0

All Data: 

3,0.82372,0.01634,0.84615,0.80769,0.03846
4,0.81370,0.01095,0.83173,0.80288,0.02885
5,0.80000,0.02098,0.82692,0.77404,0.05288
6,0.78606,0.01436,0.80769,0.76923,0.03846
7,0.77747,0.02764,0.83173,0.73558,0.09615
8,0.76803,0.02882,0.80288,0.72596,0.07692
9,0.76282,0.03675,0.83173,0.69231,0.13942
10,0.75913,0.02465,0.81250,0.72596,0.08654
11,0.75087,0.02099,0.78365,0.70673,0.07692
12,0.74439,0.02995,0.80769,0.70673,0.10096

Skipping op 1

Test iteration: 8. Op: 0

All Data: 

3,0.82372,0.04908,0.88462,0.76442,0.12019
4,0.82572,0.01376,0.84135,0.80769,0.03365
5,0.81058,0.02053,0.84135,0.78365,0.05769
6,0.80048,0.03100,0.84135,0.75481,0.08654
7,0.78915,0.02832,0.83654,0.75000,0.08654
8,0.78486,0.02518,0.83173,0.75000,0.08173
9,0.77671,0.02494,0.81250,0.74038,0.07212
10,0.76010,0.02557,0.80769,0.71635,0.09135
11,0.75962,0.02681,0.80769,0.71635,0.09135
12,0.74880,0.02069,0.78365,0.70673,0.07692

Skipping op 1

Test iteration: 9. Op: 0

All Data: 

3,0.83013,0.02524,0.86538,0.80769,0.05769
4,0.82572,0.02460,0.86538,0.79808,0.06731
5,0.80962,0.01682,0.83173,0.78365,0.04808
6,0.79407,0.01911,0.81250,0.75481,0.05769
7,0.78228,0.01986,0.81731,0.75481,0.06250
8,0.78425,0.02997,0.83173,0.73558,0.09615
9,0.78098,0.01667,0.80288,0.75481,0.04808
10,0.76731,0.02131,0.81250,0.74038,0.07212
11,0.75350,0.02993,0.82692,0.69712,0.12981
12,0.75240,0.02540,0.78846,0.71635,0.07212

Skipping op 1


------ END OF datasets/sonar.csv ------ 

Num features in file: 41
Test iteration: 0. Op: 0

All Data: 

3,0.82054,0.00968,0.83223,0.80853,0.02370
4,0.80640,0.02912,0.85118,0.77536,0.07583
5,0.77649,0.00849,0.78957,0.76303,0.02654
6,0.76698,0.02646,0.80095,0.72322,0.07773
7,0.76276,0.02053,0.79526,0.73270,0.06256
8,0.74111,0.04883,0.80474,0.65403,0.15071
9,0.73607,0.03758,0.80095,0.68057,0.12038
10,0.72171,0.02397,0.74976,0.67962,0.07014
11,0.71848,0.02996,0.76777,0.68341,0.08436
12,0.70956,0.03339,0.78294,0.65687,0.12607

Skipping op 1

Test iteration: 1. Op: 0

All Data: 

3,0.84423,0.00968,0.85592,0.83223,0.02370
4,0.84147,0.01354,0.85498,0.82085,0.03412
5,0.82445,0.01257,0.84455,0.80664,0.03791
6,0.81153,0.02975,0.85498,0.76777,0.08720
7,0.79878,0.03387,0.85498,0.75261,0.10237
8,0.79289,0.03419,0.85592,0.74218,0.11374
9,0.78199,0.03816,0.85592,0.73270,0.12322
10,0.76758,0.04174,0.85592,0.69005,0.16588
11,0.75106,0.03413,0.79147,0.68720,0.10427
12,0.74376,0.04460,0.81517,0.66256,0.15261

Skipping op 1

Test iteration: 2. Op: 0

All Data: 

3,0.85371,0.00161,0.85592,0.85213,0.00379
4,0.83839,0.00623,0.84834,0.83128,0.01706
5,0.82445,0.01907,0.85592,0.79716,0.05877
6,0.81106,0.02877,0.85592,0.77630,0.07962
7,0.80284,0.02821,0.85592,0.76588,0.09005
8,0.79147,0.03168,0.85592,0.74787,0.10806
9,0.78062,0.03120,0.85592,0.73270,0.12322
10,0.76028,0.02927,0.79147,0.69005,0.10142
11,0.75579,0.03451,0.81517,0.68720,0.12796
12,0.74352,0.04135,0.81517,0.68720,0.12796

Skipping op 1

Test iteration: 3. Op: 0

All Data: 

3,0.85403,0.00633,0.86256,0.84739,0.01517
4,0.83910,0.00756,0.84739,0.82938,0.01801
5,0.82597,0.02113,0.85972,0.79716,0.06256
6,0.81643,0.02833,0.85592,0.77441,0.08152
7,0.80907,0.02364,0.85592,0.78104,0.07488
8,0.79147,0.03174,0.85592,0.75071,0.10521
9,0.78083,0.03233,0.85592,0.73270,0.12322
10,0.76171,0.02875,0.79147,0.69384,0.09763
11,0.75631,0.03512,0.82085,0.68720,0.13365
12,0.74629,0.03907,0.81517,0.68720,0.12796

Skipping op 1

Test iteration: 4. Op: 0

All Data: 

3,0.83728,0.01477,0.85782,0.82370,0.03412
4,0.82180,0.01723,0.84360,0.79716,0.04645
5,0.81555,0.00745,0.82464,0.80853,0.01611
6,0.80300,0.02691,0.83602,0.76967,0.06635
7,0.78890,0.02528,0.81896,0.73744,0.08152
8,0.77536,0.04827,0.83602,0.66256,0.17346
9,0.76261,0.05999,0.83318,0.66256,0.17062
10,0.75232,0.06138,0.83318,0.66256,0.17062
11,0.74373,0.06333,0.83318,0.66256,0.17062
12,0.73555,0.06340,0.83318,0.66256,0.17062

Skipping op 1

Test iteration: 5. Op: 0

All Data: 

3,0.83665,0.01185,0.85308,0.82559,0.02749
4,0.82085,0.01892,0.85118,0.79905,0.05213
5,0.81137,0.00992,0.82180,0.79336,0.02844
6,0.80174,0.01953,0.84076,0.77820,0.06256
7,0.78957,0.02645,0.82370,0.74692,0.07678
8,0.78495,0.03113,0.82844,0.73839,0.09005
9,0.77241,0.03175,0.83033,0.72038,0.10995
10,0.75886,0.05496,0.82085,0.66256,0.15829
11,0.75140,0.04559,0.80284,0.66256,0.14028
12,0.74234,0.06131,0.82085,0.66256,0.15829

Skipping op 1

Test iteration: 6. Op: 0

All Data: 

3,0.84423,0.01039,0.85877,0.83507,0.02370
4,0.82322,0.01782,0.84645,0.79905,0.04739
5,0.81896,0.02319,0.84739,0.78863,0.05877
6,0.79131,0.02473,0.82464,0.76303,0.06161
7,0.79336,0.01852,0.81611,0.75640,0.05972
8,0.77773,0.05221,0.83223,0.66256,0.16967
9,0.76514,0.06077,0.83318,0.66256,0.17062
10,0.76047,0.05519,0.82180,0.66256,0.15924
11,0.74925,0.06856,0.83318,0.66256,0.17062
12,0.74013,0.05901,0.81896,0.66256,0.15640

Skipping op 1

Test iteration: 7. Op: 0

All Data: 

3,0.83444,0.01786,0.85024,0.80948,0.04076
4,0.83626,0.00783,0.84455,0.82844,0.01611
5,0.81953,0.01348,0.83507,0.80190,0.03318
6,0.80979,0.02560,0.84929,0.77725,0.07204
7,0.79702,0.02728,0.82938,0.74313,0.08626
8,0.77097,0.04778,0.82844,0.66256,0.16588
9,0.75735,0.05501,0.82844,0.66256,0.16588
10,0.74863,0.05964,0.82844,0.66256,0.16588
11,0.74123,0.06293,0.82844,0.66256,0.16588
12,0.73934,0.06057,0.82654,0.66256,0.16398

Skipping op 1

Test iteration: 8. Op: 0

All Data: 

3,0.83918,0.01799,0.85592,0.81422,0.04171
4,0.83412,0.00506,0.83886,0.82559,0.01327
5,0.81820,0.01058,0.82938,0.80095,0.02844
6,0.80095,0.02068,0.82749,0.77630,0.05118
7,0.79133,0.02435,0.81991,0.74502,0.07488
8,0.77832,0.03302,0.81232,0.72607,0.08626
9,0.76967,0.03763,0.84265,0.71469,0.12796
10,0.75583,0.05736,0.82938,0.66256,0.16682
11,0.74856,0.06160,0.83412,0.66256,0.17156
12,0.74408,0.06352,0.84645,0.66256,0.18389

Skipping op 1

Test iteration: 9. Op: 0

All Data: 

3,0.85118,0.00774,0.86066,0.84171,0.01896
4,0.83957,0.00661,0.84834,0.83318,0.01517
5,0.82882,0.01106,0.84171,0.81327,0.02844
6,0.81122,0.01198,0.82844,0.79052,0.03791
7,0.79973,0.01810,0.82085,0.76682,0.05403
8,0.78246,0.04765,0.82085,0.66256,0.15829
9,0.76798,0.05820,0.83033,0.66256,0.16777
10,0.76009,0.05288,0.80948,0.66256,0.14692
11,0.75226,0.05862,0.82275,0.66256,0.16019
12,0.74242,0.06305,0.85308,0.66256,0.19052

Skipping op 1


------ END OF datasets/qsar.csv ------ 

Num features in file: 51
Test iteration: 0. Op: 0

All Data: 

3,0.67113,0.01167,0.68454,0.65610,0.02844
4,0.65789,0.01612,0.68258,0.63779,0.04479
5,0.65113,0.01541,0.66819,0.62275,0.04544
6,0.63714,0.03061,0.67015,0.58025,0.08990
7,0.62621,0.03353,0.66721,0.57601,0.09121
8,0.61720,0.03037,0.65577,0.56979,0.08598
9,0.61607,0.03384,0.65904,0.57470,0.08434
10,0.60248,0.02812,0.64629,0.57045,0.07584
11,0.59782,0.02487,0.64923,0.56718,0.08205
12,0.60319,0.03432,0.65544,0.56653,0.08892

Skipping op 1

Test iteration: 1. Op: 0

All Data: 

3,0.68715,0.01752,0.70938,0.66656,0.04282
4,0.66746,0.00633,0.67440,0.65773,0.01667
5,0.67506,0.01290,0.69206,0.65315,0.03890
6,0.66149,0.02471,0.68290,0.61164,0.07127
7,0.65969,0.02107,0.67963,0.61098,0.06865
8,0.65164,0.02292,0.67506,0.59497,0.08009
9,0.64219,0.02979,0.67113,0.59039,0.08075
10,0.63442,0.02785,0.68356,0.59137,0.09219
11,0.62763,0.02865,0.66590,0.59006,0.07584
12,0.62360,0.02982,0.66819,0.58679,0.08140

Skipping op 1

Test iteration: 2. Op: 0

All Data: 

3,0.67451,0.00120,0.67604,0.67310,0.00294
4,0.68094,0.00812,0.69336,0.67146,0.02190
5,0.67499,0.01331,0.68781,0.65021,0.03759
6,0.67092,0.00964,0.68519,0.65806,0.02713
7,0.66492,0.00705,0.67506,0.65675,0.01831
8,0.65168,0.02409,0.67113,0.59431,0.07682
9,0.64030,0.02498,0.68356,0.59954,0.08401
10,0.63599,0.03107,0.67506,0.59137,0.08369
11,0.62813,0.03046,0.67865,0.58908,0.08957
12,0.62488,0.03312,0.69009,0.58679,0.10330

Skipping op 1

Test iteration: 3. Op: 0

All Data: 

3,0.68061,0.00212,0.68258,0.67767,0.00490
4,0.68862,0.00584,0.69729,0.68127,0.01602
5,0.67793,0.01061,0.68879,0.66460,0.02419
6,0.67489,0.01449,0.69500,0.65937,0.03563
7,0.67594,0.01585,0.71200,0.65806,0.05394
8,0.65973,0.02813,0.69794,0.59758,0.10036
9,0.64436,0.02769,0.69336,0.59856,0.09480
10,0.63835,0.03294,0.68029,0.59006,0.09023
11,0.63283,0.03205,0.67931,0.58941,0.08990
12,0.62782,0.03404,0.69827,0.58254,0.11572

Skipping op 1

Test iteration: 4. Op: 0

All Data: 

3,0.68802,0.01936,0.71429,0.66819,0.04609
4,0.66917,0.01373,0.68552,0.64792,0.03759
5,0.66688,0.00724,0.67931,0.65708,0.02223
6,0.65839,0.03162,0.68585,0.59137,0.09448
7,0.64993,0.03430,0.68421,0.59529,0.08892
8,0.63934,0.03788,0.68127,0.58974,0.09153
9,0.62994,0.03768,0.67898,0.57960,0.09938
10,0.62452,0.03571,0.68388,0.57960,0.10428
11,0.61791,0.03261,0.67081,0.57960,0.09121
12,0.61818,0.03554,0.68879,0.58287,0.10592

Skipping op 1

Test iteration: 5. Op: 0

All Data: 

3,0.68454,0.01181,0.69663,0.66852,0.02811
4,0.67972,0.01195,0.69990,0.66885,0.03106
5,0.65740,0.03365,0.68781,0.59202,0.09578
6,0.64711,0.03229,0.68290,0.59922,0.08369
7,0.63938,0.03576,0.68781,0.58875,0.09905
8,0.63444,0.03675,0.68683,0.58875,0.09807
9,0.63187,0.03521,0.67669,0.58777,0.08892
10,0.62027,0.03558,0.67571,0.57960,0.09611
11,0.61630,0.03832,0.67571,0.57960,0.09611
12,0.61700,0.03700,0.69173,0.57960,0.11213

Skipping op 1

Test iteration: 6. Op: 0

All Data: 

3,0.68203,0.01379,0.70154,0.67212,0.02942
4,0.67628,0.01493,0.70088,0.66296,0.03792
5,0.65989,0.03103,0.69402,0.60248,0.09153
6,0.65021,0.03786,0.69925,0.59889,0.10036
7,0.65045,0.03579,0.69892,0.59497,0.10396
8,0.64143,0.03232,0.68650,0.59235,0.09415
9,0.63089,0.03524,0.67440,0.58025,0.09415
10,0.62991,0.03963,0.68029,0.58025,0.10003
11,0.62231,0.03446,0.68225,0.58581,0.09644
12,0.62605,0.04087,0.67538,0.57960,0.09578

Skipping op 1

Test iteration: 7. Op: 0

All Data: 

3,0.68508,0.01094,0.70056,0.67702,0.02354
4,0.68184,0.00759,0.69042,0.67015,0.02027
5,0.67179,0.01688,0.70056,0.65021,0.05034
6,0.66672,0.01339,0.68323,0.64727,0.03596
7,0.64993,0.02177,0.67571,0.60673,0.06898
8,0.64641,0.02758,0.68617,0.60216,0.08401
9,0.63928,0.03321,0.68454,0.58679,0.09774
10,0.62194,0.03798,0.68552,0.58058,0.10494
11,0.62980,0.03579,0.68879,0.58156,0.10722
12,0.62542,0.03985,0.68683,0.57960,0.10722

Skipping op 1

Test iteration: 8. Op: 0

All Data: 

3,0.68421,0.01984,0.70971,0.66133,0.04838
4,0.67686,0.01322,0.69794,0.66198,0.03596
5,0.67630,0.01661,0.70611,0.65544,0.05067
6,0.66383,0.03019,0.68715,0.59725,0.08990
7,0.64886,0.03183,0.67669,0.59235,0.08434
8,0.64609,0.03631,0.69500,0.59202,0.10297
9,0.63786,0.04036,0.70513,0.58581,0.11932
10,0.63926,0.03771,0.69369,0.58875,0.10494
11,0.63500,0.04079,0.69565,0.58777,0.10788
12,0.62659,0.03354,0.67375,0.58483,0.08892

Skipping op 1

Test iteration: 9. Op: 0

All Data: 

3,0.69173,0.01995,0.71886,0.67146,0.04740
4,0.68209,0.00917,0.69009,0.66754,0.02256
5,0.67525,0.01183,0.69238,0.65839,0.03400
6,0.66579,0.02789,0.69206,0.60706,0.08500
7,0.65077,0.03048,0.68225,0.60020,0.08205
8,0.64241,0.03398,0.68258,0.59202,0.09055
9,0.63539,0.04181,0.68258,0.58189,0.10069
10,0.63102,0.03896,0.70154,0.58810,0.11344
11,0.62691,0.03684,0.69565,0.58124,0.11442
12,0.62929,0.04082,0.70906,0.58025,0.12880

Skipping op 1


------ END OF datasets/theorem.csv ------ 

Num features in file: 25
Test iteration: 0. Op: 0

All Data: 

3,0.99965,0.00050,1.00000,0.99894,0.00106
4,0.99801,0.00284,1.00000,0.99311,0.00689
5,0.99894,0.00116,1.00000,0.99682,0.00318
6,0.98577,0.02299,1.00000,0.93531,0.06469
7,0.97728,0.02198,1.00000,0.94380,0.05620
8,0.97727,0.02418,1.00000,0.94380,0.05620
9,0.97803,0.02278,1.00000,0.93690,0.06310
10,0.97519,0.02364,0.99894,0.93531,0.06363
11,0.97378,0.02316,0.99788,0.93478,0.06310
12,0.96686,0.03008,0.99947,0.90297,0.09650

Skipping op 1

Test iteration: 1. Op: 0

All Data: 

3,1.00000,0.00000,1.00000,1.00000,0.00000
4,0.99973,0.00046,1.00000,0.99894,0.00106
5,0.99915,0.00054,1.00000,0.99841,0.00159
6,0.99823,0.00136,1.00000,0.99682,0.00318
7,0.99720,0.00282,1.00000,0.99099,0.00901
8,0.99496,0.00321,0.99894,0.98834,0.01060
9,0.99046,0.00784,0.99788,0.97349,0.02439
10,0.98425,0.01591,0.99682,0.94380,0.05302
11,0.98139,0.02040,0.99682,0.93478,0.06204
12,0.97384,0.02881,0.99682,0.90297,0.09385

Skipping op 1

Test iteration: 2. Op: 0

All Data: 

3,1.00000,0.00000,1.00000,1.00000,0.00000
4,0.99960,0.00044,1.00000,0.99894,0.00106
5,0.99894,0.00101,1.00000,0.99735,0.00265
6,0.99867,0.00100,1.00000,0.99735,0.00265
7,0.99697,0.00192,0.99894,0.99364,0.00530
8,0.99490,0.00329,1.00000,0.98834,0.01166
9,0.99010,0.00771,0.99788,0.97349,0.02439
10,0.98674,0.01509,0.99788,0.94380,0.05408
11,0.98139,0.02040,0.99682,0.93478,0.06204
12,0.97738,0.02062,0.99682,0.93266,0.06416

Skipping op 1

Test iteration: 3. Op: 0

All Data: 

3,1.00000,0.00000,1.00000,1.00000,0.00000
4,0.99973,0.00027,1.00000,0.99947,0.00053
5,0.99915,0.00042,1.00000,0.99894,0.00106
6,0.99867,0.00114,1.00000,0.99682,0.00318
7,0.99727,0.00176,1.00000,0.99417,0.00583
8,0.99563,0.00298,1.00000,0.99046,0.00954
9,0.99181,0.00453,0.99682,0.98197,0.01485
10,0.98680,0.01501,0.99682,0.94380,0.05302
11,0.98159,0.01997,0.99682,0.93690,0.05992
12,0.97738,0.02062,0.99682,0.93266,0.06416

Skipping op 1

Test iteration: 4. Op: 0

All Data: 

3,1.00000,0.00000,1.00000,1.00000,0.00000
4,0.99987,0.00023,1.00000,0.99947,0.00053
5,0.99841,0.00157,1.00000,0.99629,0.00371
6,0.99434,0.00403,1.00000,0.98834,0.01166
7,0.99349,0.00454,1.00000,0.98621,0.01379
8,0.99132,0.00647,1.00000,0.98038,0.01962
9,0.98521,0.01357,1.00000,0.95493,0.04507
10,0.98494,0.01266,0.99894,0.95493,0.04401
11,0.97788,0.02011,0.99788,0.93266,0.06522
12,0.97393,0.02274,0.99788,0.93266,0.06522

Skipping op 1

Test iteration: 5. Op: 0

All Data: 

3,1.00000,0.00000,1.00000,1.00000,0.00000
4,0.99960,0.00044,1.00000,0.99894,0.00106
5,0.99873,0.00137,1.00000,0.99629,0.00371
6,0.99779,0.00151,0.99947,0.99470,0.00477
7,0.99546,0.00250,0.99894,0.99046,0.00848
8,0.99377,0.00401,0.99788,0.98515,0.01273
9,0.98934,0.00832,0.99894,0.97402,0.02492
10,0.98420,0.01715,0.99894,0.95016,0.04878
11,0.98091,0.01728,0.99682,0.95016,0.04666
12,0.97481,0.02201,0.99682,0.93372,0.06310

Skipping op 1

Test iteration: 6. Op: 0

All Data: 

3,1.00000,0.00000,1.00000,1.00000,0.00000
4,0.99960,0.00044,1.00000,0.99894,0.00106
5,0.99862,0.00114,1.00000,0.99682,0.00318
6,0.99717,0.00220,1.00000,0.99470,0.00530
7,0.99583,0.00296,0.99841,0.98940,0.00901
8,0.99357,0.00514,0.99894,0.98303,0.01591
9,0.99075,0.00786,0.99894,0.97402,0.02492
10,0.98457,0.01533,0.99894,0.95281,0.04613
11,0.98106,0.01755,0.99682,0.94433,0.05249
12,0.97349,0.02397,0.99841,0.93266,0.06575

Skipping op 1

Test iteration: 7. Op: 0

All Data: 

3,1.00000,0.00000,1.00000,1.00000,0.00000
4,0.99973,0.00046,1.00000,0.99894,0.00106
5,0.99894,0.00138,1.00000,0.99629,0.00371
6,0.99717,0.00180,1.00000,0.99470,0.00530
7,0.99697,0.00174,1.00000,0.99470,0.00530
8,0.99384,0.00531,1.00000,0.98409,0.01591
9,0.98928,0.01274,0.99841,0.95493,0.04348
10,0.98378,0.01733,1.00000,0.95016,0.04984
11,0.97898,0.01990,0.99682,0.94380,0.05302
12,0.97468,0.02280,0.99682,0.93266,0.06416

Skipping op 1

Test iteration: 8. Op: 0

All Data: 

3,1.00000,0.00000,1.00000,1.00000,0.00000
4,0.99987,0.00023,1.00000,0.99947,0.00053
5,0.99936,0.00052,1.00000,0.99894,0.00106
6,0.99850,0.00083,1.00000,0.99735,0.00265
7,0.99697,0.00283,1.00000,0.99258,0.00742
8,0.99510,0.00492,1.00000,0.98515,0.01485
9,0.99281,0.00541,0.99894,0.98091,0.01803
10,0.98706,0.01525,0.99682,0.94380,0.05302
11,0.98086,0.01929,0.99682,0.93690,0.05992
12,0.97596,0.02281,0.99682,0.93266,0.06416

Skipping op 1

Test iteration: 9. Op: 0

All Data: 

3,1.00000,0.00000,1.00000,1.00000,0.00000
4,0.99973,0.00046,1.00000,0.99894,0.00106
5,0.99915,0.00072,1.00000,0.99841,0.00159
6,0.99823,0.00095,0.99947,0.99682,0.00265
7,0.99697,0.00309,1.00000,0.99046,0.00954
8,0.99403,0.00470,0.99841,0.98409,0.01432
9,0.99169,0.00633,0.99788,0.98038,0.01750
10,0.98669,0.01262,1.00000,0.95440,0.04560
11,0.98207,0.01685,0.99682,0.94380,0.05302
12,0.97641,0.01966,0.99682,0.94380,0.05302

Skipping op 1


------ END OF datasets/humanbot.csv ------ 

