
 *** *** *** *** NEW FILE OPEN *** *** *** *** 


--------------- Starting analysis for file: datasets/kdd10_2

Num features in file: 41
Skipping iteration 0, continuing on to the next!
Skipping iteration 1, continuing on to the next!

Test iteration: 2


yx: [(6062.5828314572163, 33), (100552.14242009805, 1), (233753.43135883077, 23), (714.6231937132934, 5), (5.5296257589878355, 8), (11.112166860991401, 40), (3.1499190504109298, 39), (26816.195522900776, 25), (13.689050807513913, 12), (75292.186914129765, 30), (7014.2020121751593, 0), (27032.024580317462, 38), (0, 19), (0, 20), (38.167993873326076, 14), (10.883995636092935, 26), (0.40465463451355488, 4), (1474.3050182440702, 18), (257.76590588410767, 7), (847689.86574042263, 11), (3.6013177903791096, 10), (62.850999546870007, 15), (72.859390849127323, 13), (23143.667934380308, 36), (349119.36864213506, 31), (226620.70486279076, 3), (26827.888548405583, 37), (32182.292915281443, 28), (6814.9492925178793, 34), (529.13746362172174, 21), (12.7811200896867, 6), (147866.71915600085, 35), (171.81558095227206, 17), (134.91331316059521, 29), (26957.775675811943, 24), (10.789952010340681, 27), (175.21559359367728, 16), (646359.98290968977, 22), (1858.7671812523781, 32), (87814.677531286463, 2), (22.945811748126772, 9)]


----- SVM_LINEAR Op: 0 --

Attribute list: {0: [33, 1, 23, 5, 8, 40, 39, 25, 12, 30, 0, 38, 19, 20, 14, 26, 4, 18, 7, 11, 10, 15, 13, 36, 31, 3, 37, 28, 34, 21, 6, 35, 17, 29, 24, 27, 16, 22, 32, 2, 9]}
Attribute list: {0: [33, 23, 8, 39, 12, 0, 19, 14, 4, 7, 10, 13, 31, 37, 34, 6, 17, 24, 16, 32, 9], 1: [1, 5, 40, 25, 30, 38, 20, 26, 18, 11, 15, 36, 3, 28, 21, 35, 29, 27, 22, 2]}
Attribute list: {0: [33, 5, 39, 30, 19, 26, 7, 15, 31, 28, 6, 29, 16, 2], 1: [1, 8, 25, 0, 20, 4, 11, 13, 3, 34, 35, 24, 22, 9], 2: [23, 40, 12, 38, 14, 18, 10, 36, 37, 21, 17, 27, 32]}
Attribute list: {0: [33, 8, 12, 19, 4, 10, 31, 34, 17, 16, 9], 1: [1, 40, 30, 20, 18, 15, 3, 21, 29, 22], 2: [23, 39, 0, 14, 7, 13, 37, 6, 24, 32], 3: [5, 25, 38, 26, 11, 36, 28, 35, 27, 2]}
Attribute list: {0: [33, 40, 0, 26, 10, 3, 6, 27, 9], 1: [1, 39, 38, 4, 15, 37, 35, 16], 2: [23, 25, 19, 18, 13, 28, 17, 22], 3: [5, 12, 20, 7, 36, 34, 29, 32], 4: [8, 30, 14, 11, 31, 21, 24, 2]}
Attribute list: {0: [33, 39, 19, 7, 31, 6, 16], 1: [1, 25, 20, 11, 3, 35, 22], 2: [23, 12, 14, 10, 37, 17, 32], 3: [5, 30, 26, 15, 28, 29, 2], 4: [8, 0, 4, 13, 34, 24, 9], 5: [40, 38, 18, 36, 21, 27]}
Attribute list: {0: [33, 25, 14, 15, 34, 27], 1: [1, 12, 26, 13, 21, 16], 2: [23, 30, 4, 36, 6, 22], 3: [5, 0, 18, 31, 35, 32], 4: [8, 38, 7, 3, 17, 2], 5: [40, 19, 11, 37, 29, 9], 6: [39, 20, 10, 28, 24]}
Attribute list: {0: [33, 12, 4, 31, 17, 9], 1: [1, 30, 18, 3, 29], 2: [23, 0, 7, 37, 24], 3: [5, 38, 11, 28, 27], 4: [8, 19, 10, 34, 16], 5: [40, 20, 15, 21, 22], 6: [39, 14, 13, 6, 32], 7: [25, 26, 36, 35, 2]}
Attribute list: {0: [33, 30, 7, 28, 16], 1: [1, 0, 11, 34, 22], 2: [23, 38, 10, 21, 32], 3: [5, 19, 15, 6, 2], 4: [8, 20, 13, 35, 9], 5: [40, 14, 36, 17], 6: [39, 26, 31, 29], 7: [25, 4, 3, 24], 8: [12, 18, 37, 27]}
Attribute list: {0: [33, 0, 10, 6, 9], 1: [1, 38, 15, 35], 2: [23, 19, 13, 17], 3: [5, 20, 36, 29], 4: [8, 14, 31, 24], 5: [40, 26, 3, 27], 6: [39, 4, 37, 16], 7: [25, 18, 28, 22], 8: [12, 7, 34, 32], 9: [30, 11, 21, 2]}
Attribute list: {0: [33, 38, 13, 29], 1: [1, 19, 36, 24], 2: [23, 20, 31, 27], 3: [5, 14, 3, 16], 4: [8, 26, 37, 22], 5: [40, 4, 28, 32], 6: [39, 18, 34, 2], 7: [25, 7, 21, 9], 8: [12, 11, 6], 9: [30, 10, 35], 10: [0, 15, 17]}
Attribute list: {0: [33, 19, 31, 16], 1: [1, 20, 3, 22], 2: [23, 14, 37, 32], 3: [5, 26, 28, 2], 4: [8, 4, 34, 9], 5: [40, 18, 21], 6: [39, 7, 6], 7: [25, 11, 35], 8: [12, 10, 17], 9: [30, 15, 29], 10: [0, 13, 24], 11: [38, 36, 27]}
Attribute list: {0: [33, 20, 37, 2], 1: [1, 14, 28, 9], 2: [23, 26, 34], 3: [5, 4, 21], 4: [8, 18, 6], 5: [40, 7, 35], 6: [39, 11, 17], 7: [25, 10, 29], 8: [12, 15, 24], 9: [30, 13, 27], 10: [0, 36, 16], 11: [38, 31, 22], 12: [19, 3, 32]}
Attribute list: {0: [33, 14, 34], 1: [1, 26, 21], 2: [23, 4, 6], 3: [5, 18, 35], 4: [8, 7, 17], 5: [40, 11, 29], 6: [39, 10, 24], 7: [25, 15, 27], 8: [12, 13, 16], 9: [30, 36, 22], 10: [0, 31, 32], 11: [38, 3, 2], 12: [19, 37, 9], 13: [20, 28]}
Attribute list: {0: [33, 26, 6], 1: [1, 4, 35], 2: [23, 18, 17], 3: [5, 7, 29], 4: [8, 11, 24], 5: [40, 10, 27], 6: [39, 15, 16], 7: [25, 13, 22], 8: [12, 36, 32], 9: [30, 31, 2], 10: [0, 3, 9], 11: [38, 37], 12: [19, 28], 13: [20, 34], 14: [14, 21]}
Attribute list: {0: [33, 4, 17], 1: [1, 18, 29], 2: [23, 7, 24], 3: [5, 11, 27], 4: [8, 10, 16], 5: [40, 15, 22], 6: [39, 13, 32], 7: [25, 36, 2], 8: [12, 31, 9], 9: [30, 3], 10: [0, 37], 11: [38, 28], 12: [19, 34], 13: [20, 21], 14: [14, 6], 15: [26, 35]}
Attribute list: {0: [33, 18, 24], 1: [1, 7, 27], 2: [23, 11, 16], 3: [5, 10, 22], 4: [8, 15, 32], 5: [40, 13, 2], 6: [39, 36, 9], 7: [25, 31], 8: [12, 3], 9: [30, 37], 10: [0, 28], 11: [38, 34], 12: [19, 21], 13: [20, 6], 14: [14, 35], 15: [26, 17], 16: [4, 29]}
Attribute list: {0: [33, 7, 16], 1: [1, 11, 22], 2: [23, 10, 32], 3: [5, 15, 2], 4: [8, 13, 9], 5: [40, 36], 6: [39, 31], 7: [25, 3], 8: [12, 37], 9: [30, 28], 10: [0, 34], 11: [38, 21], 12: [19, 6], 13: [20, 35], 14: [14, 17], 15: [26, 29], 16: [4, 24], 17: [18, 27]}
Attribute list: {0: [33, 11, 32], 1: [1, 10, 2], 2: [23, 15, 9], 3: [5, 13], 4: [8, 36], 5: [40, 31], 6: [39, 3], 7: [25, 37], 8: [12, 28], 9: [30, 34], 10: [0, 21], 11: [38, 6], 12: [19, 35], 13: [20, 17], 14: [14, 29], 15: [26, 24], 16: [4, 27], 17: [18, 16], 18: [7, 22]}
Attribute list: {0: [33, 10, 9], 1: [1, 15], 2: [23, 13], 3: [5, 36], 4: [8, 31], 5: [40, 3], 6: [39, 37], 7: [25, 28], 8: [12, 34], 9: [30, 21], 10: [0, 6], 11: [38, 35], 12: [19, 17], 13: [20, 29], 14: [14, 24], 15: [26, 27], 16: [4, 16], 17: [18, 22], 18: [7, 32], 19: [11, 2]}

All Data: 

{K,Avg,StD,Max,Min,Swing)
1,0.99295,0.00000,0.99295,0.99295,0.00000
2,0.98731,0.00061,0.98791,0.98670,0.00121
3,0.96844,0.02179,0.98808,0.93805,0.05002
4,0.96121,0.03625,0.98478,0.89850,0.08628
5,0.94254,0.06564,0.98482,0.81214,0.17268
6,0.88919,0.06958,0.98586,0.80560,0.18026
7,0.89520,0.07467,0.98193,0.80369,0.17824
8,0.90402,0.06526,0.97943,0.80313,0.17630
9,0.87733,0.06822,0.98458,0.80312,0.18146
10,0.86098,0.07233,0.98407,0.80309,0.18098
11,0.86153,0.05941,0.98425,0.80312,0.18112
12,0.85732,0.06606,0.98002,0.80309,0.17693
13,0.86120,0.06715,0.98388,0.80309,0.18079
14,0.84245,0.06325,0.97975,0.80309,0.17666
15,0.83535,0.05897,0.98389,0.80309,0.18080
16,0.84337,0.05914,0.97945,0.80309,0.17635
17,0.83166,0.05237,0.97943,0.80309,0.17633
18,0.83889,0.05931,0.98271,0.80309,0.17961
19,0.82843,0.05062,0.98093,0.80309,0.17784
20,0.83312,0.05774,0.97941,0.80309,0.17632

-Detailed Info

1,[0.99294564401108454]
2,[0.98670097020167158, 0.98791346926547652]
3,[0.93805121644626444, 0.98807540570137709, 0.97920128901402981]
4,[0.89849824197756778, 0.9795211134749332, 0.98477999923080195, 0.98202505561504472]
5,[0.96797302138977903, 0.96539013523716599, 0.98482048333977701, 0.8121395649172809, 0.98235702530864077]
6,[0.89769868082530901, 0.98586294914588646, 0.96614718807500088, 0.8704690691286403, 0.8093704518633823, 0.80559935711234942]
7,[0.81638837215422011, 0.80368850716872364, 0.98192586954805561, 0.97110244301355608, 0.94347406284348234, 0.93815849933504847, 0.81164970719868179]
8,[0.89649630278874781, 0.88539556010776865, 0.94225346695788237, 0.94635855560796001, 0.80549005001811669, 0.97943204843518794, 0.80313387487576438, 0.9736063851536676]
9,[0.85524097153764722, 0.98457960289137503, 0.96626459199102877, 0.83957766977517145, 0.80312172964307182, 0.80515605611907182, 0.89679588519516373, 0.9412798241370306, 0.80397796854789572]
10,[0.80574105149376241, 0.92482505804409121, 0.80321079468281709, 0.80631187743031163, 0.89741731626793197, 0.8030913665613405, 0.80311970543762312, 0.98407152732373726, 0.80766607087552955, 0.97430068762259092]
11,[0.80312375384852064, 0.90425305806838174, 0.90433605049178067, 0.80371279763410863, 0.98424763319777908, 0.83753727068282524, 0.84041366662550787, 0.80363182941615841, 0.93786094113408136, 0.85150023986834567, 0.80624103023960525]
12,[0.89645784288522146, 0.98001906801532723, 0.966128970225962, 0.84797407397661229, 0.80544146908734648, 0.80410954190206485, 0.8030913665613405, 0.93783867487414507, 0.8031885284228808, 0.83264476611318139, 0.80630782901941411, 0.80468036783861419]
13,[0.83952706463895255, 0.94805888818491524, 0.87018365616036564, 0.80326342402448481, 0.80397999275334453, 0.8030913665613405, 0.93786498954497888, 0.80309339076678932, 0.80310351179403305, 0.83266905657856649, 0.80920446701658433, 0.98387720360065667, 0.95774268705176502]
14,[0.80729968968930466, 0.80321889150461212, 0.80309946338313554, 0.80412573554565492, 0.8031865042174321, 0.93786498954497888, 0.80309339076678932, 0.80310351179403305, 0.80314399590300822, 0.97975389710154026, 0.89873507401507224, 0.94153082561267643, 0.8030913665613405, 0.8030913665613405]
15,[0.80309339076678932, 0.82865708137913163, 0.80406703358764098, 0.80313387487576438, 0.93786498954497888, 0.80309339076678932, 0.80313185067031567, 0.98388732462790041, 0.8068422192578858, 0.93027219490669422, 0.81138858469579234, 0.8030913665613405, 0.8030913665613405, 0.80543742067644897, 0.80323913355909971]
16,[0.80318245580653458, 0.8039718959315495, 0.94227573321781866, 0.93786498954497888, 0.80312172964307182, 0.97944621787332931, 0.80312577805396934, 0.84258361486657452, 0.89661977932112202, 0.8575404689274343, 0.80628556275947783, 0.8030913665613405, 0.80543742067644897, 0.80321889150461212, 0.80311160861582809, 0.8030913665613405]
17,[0.80397796854789572, 0.8030913665613405, 0.93786498954497888, 0.97942597581884172, 0.80310756020493057, 0.8395614761315815, 0.8050528216411853, 0.89738290477530303, 0.80310148758858424, 0.83424591262314762, 0.80617827987069379, 0.80958501764095048, 0.80321889150461212, 0.8030913665613405, 0.80311160861582809, 0.80318245580653458, 0.8030913665613405]
18,[0.80311970543762312, 0.98270518864582679, 0.95752204865785062, 0.83957766977517145, 0.80312982646486686, 0.80504877323028778, 0.89673515903170109, 0.94143568795658483, 0.80309541497223802, 0.83423376739045507, 0.81057485410539232, 0.80321889150461212, 0.8030913665613405, 0.8030913665613405, 0.80320472206647087, 0.8030913665613405, 0.8030913665613405, 0.80397796854789572]
19,[0.93786498954497888, 0.83952706463895255, 0.80310958441037927, 0.80316828636839321, 0.8062045945415276, 0.89675135267529116, 0.8030913665613405, 0.8030913665613405, 0.80309541497223802, 0.83433700186834159, 0.80631187743031163, 0.80310148758858424, 0.8030913665613405, 0.80318245580653458, 0.80311160861582809, 0.8030913665613405, 0.8030913665613405, 0.8039982106023833, 0.98093400887816506]
20,[0.80309339076678932, 0.80310756020493057, 0.80312577805396934, 0.80628353855402912, 0.89662585193746824, 0.8030913665613405, 0.8030913665613405, 0.8030913665613405, 0.80544146908734648, 0.83275407320741424, 0.80615196519985988, 0.92412873136971907, 0.80318245580653458, 0.8030913665613405, 0.80311160861582809, 0.8030913665613405, 0.80311970543762312, 0.97940978217525165, 0.8030913665613405, 0.97430068762259092]

Done in: 3446.8692088589996 seconds


Skipping op 1


Test iteration: 3


yx: [(22.945811748126772, 9), (11.112166860991401, 40), (26957.775675811943, 24), (349119.36864213506, 31), (5.5296257589878355, 8), (100552.14242009805, 1), (0, 20), (7014.2020121751593, 0), (12.7811200896867, 6), (13.689050807513913, 12), (233753.43135883077, 23), (147866.71915600085, 35), (3.6013177903791096, 10), (1474.3050182440702, 18), (75292.186914129765, 30), (32182.292915281443, 28), (226620.70486279076, 3), (3.1499190504109298, 39), (847689.86574042263, 11), (27032.024580317462, 38), (134.91331316059521, 29), (26816.195522900776, 25), (10.789952010340681, 27), (6814.9492925178793, 34), (72.859390849127323, 13), (26827.888548405583, 37), (87814.677531286463, 2), (714.6231937132934, 5), (529.13746362172174, 21), (646359.98290968977, 22), (0, 19), (10.883995636092935, 26), (62.850999546870007, 15), (38.167993873326076, 14), (1858.7671812523781, 32), (171.81558095227206, 17), (257.76590588410767, 7), (175.21559359367728, 16), (6062.5828314572163, 33), (0.40465463451355488, 4), (23143.667934380308, 36)]


----- SVM_LINEAR Op: 0 --

Attribute list: {0: [9, 40, 24, 31, 8, 1, 20, 0, 6, 12, 23, 35, 10, 18, 30, 28, 3, 39, 11, 38, 29, 25, 27, 34, 13, 37, 2, 5, 21, 22, 19, 26, 15, 14, 32, 17, 7, 16, 33, 4, 36]}
Attribute list: {0: [9, 24, 8, 20, 6, 23, 10, 30, 3, 11, 29, 27, 13, 2, 21, 19, 15, 32, 7, 33, 36], 1: [40, 31, 1, 0, 12, 35, 18, 28, 39, 38, 25, 34, 37, 5, 22, 26, 14, 17, 16, 4]}
Attribute list: {0: [9, 31, 20, 12, 10, 28, 11, 25, 13, 5, 19, 14, 7, 4], 1: [40, 8, 0, 23, 18, 3, 38, 27, 37, 21, 26, 32, 16, 36], 2: [24, 1, 6, 35, 30, 39, 29, 34, 2, 22, 15, 17, 33]}
Attribute list: {0: [9, 8, 6, 10, 3, 29, 13, 21, 15, 7, 36], 1: [40, 1, 12, 18, 39, 25, 37, 22, 14, 16], 2: [24, 20, 23, 30, 11, 27, 2, 19, 32, 33], 3: [31, 0, 35, 28, 38, 34, 5, 26, 17, 4]}
Attribute list: {0: [9, 1, 23, 28, 29, 37, 19, 17, 36], 1: [40, 20, 35, 3, 25, 2, 26, 7], 2: [24, 0, 10, 39, 27, 5, 15, 16], 3: [31, 6, 18, 11, 34, 21, 14, 33], 4: [8, 12, 30, 38, 13, 22, 32, 4]}
Attribute list: {0: [9, 20, 10, 11, 13, 19, 7], 1: [40, 0, 18, 38, 37, 26, 16], 2: [24, 6, 30, 29, 2, 15, 33], 3: [31, 12, 28, 25, 5, 14, 4], 4: [8, 23, 3, 27, 21, 32, 36], 5: [1, 35, 39, 34, 22, 17]}
Attribute list: {0: [9, 0, 30, 25, 21, 17], 1: [40, 6, 28, 27, 22, 7], 2: [24, 12, 3, 34, 19, 16], 3: [31, 23, 39, 13, 26, 33], 4: [8, 35, 11, 37, 15, 4], 5: [1, 10, 38, 2, 14, 36], 6: [20, 18, 29, 5, 32]}
Attribute list: {0: [9, 6, 3, 13, 15, 36], 1: [40, 12, 39, 37, 14], 2: [24, 23, 11, 2, 32], 3: [31, 35, 38, 5, 17], 4: [8, 10, 29, 21, 7], 5: [1, 18, 25, 22, 16], 6: [20, 30, 27, 19, 33], 7: [0, 28, 34, 26, 4]}
Attribute list: {0: [9, 12, 11, 5, 7], 1: [40, 23, 38, 21, 16], 2: [24, 35, 29, 22, 33], 3: [31, 10, 25, 19, 4], 4: [8, 18, 27, 26, 36], 5: [1, 30, 34, 15], 6: [20, 28, 13, 14], 7: [0, 3, 37, 32], 8: [6, 39, 2, 17]}
Attribute list: {0: [9, 23, 29, 19, 36], 1: [40, 35, 25, 26], 2: [24, 10, 27, 15], 3: [31, 18, 34, 14], 4: [8, 30, 13, 32], 5: [1, 28, 37, 17], 6: [20, 3, 2, 7], 7: [0, 39, 5, 16], 8: [6, 11, 21, 33], 9: [12, 38, 22, 4]}
Attribute list: {0: [9, 35, 27, 14], 1: [40, 10, 34, 32], 2: [24, 18, 13, 17], 3: [31, 30, 37, 7], 4: [8, 28, 2, 16], 5: [1, 3, 5, 33], 6: [20, 39, 21, 4], 7: [0, 11, 22, 36], 8: [6, 38, 19], 9: [12, 29, 26], 10: [23, 25, 15]}
Attribute list: {0: [9, 10, 13, 7], 1: [40, 18, 37, 16], 2: [24, 30, 2, 33], 3: [31, 28, 5, 4], 4: [8, 3, 21, 36], 5: [1, 39, 22], 6: [20, 11, 19], 7: [0, 38, 26], 8: [6, 29, 15], 9: [12, 25, 14], 10: [23, 27, 32], 11: [35, 34, 17]}
Attribute list: {0: [9, 18, 2, 4], 1: [40, 30, 5, 36], 2: [24, 28, 21], 3: [31, 3, 22], 4: [8, 39, 19], 5: [1, 11, 26], 6: [20, 38, 15], 7: [0, 29, 14], 8: [6, 25, 32], 9: [12, 27, 17], 10: [23, 34, 7], 11: [35, 13, 16], 12: [10, 37, 33]}
Attribute list: {0: [9, 30, 21], 1: [40, 28, 22], 2: [24, 3, 19], 3: [31, 39, 26], 4: [8, 11, 15], 5: [1, 38, 14], 6: [20, 29, 32], 7: [0, 25, 17], 8: [6, 27, 7], 9: [12, 34, 16], 10: [23, 13, 33], 11: [35, 37, 4], 12: [10, 2, 36], 13: [18, 5]}
Attribute list: {0: [9, 28, 19], 1: [40, 3, 26], 2: [24, 39, 15], 3: [31, 11, 14], 4: [8, 38, 32], 5: [1, 29, 17], 6: [20, 25, 7], 7: [0, 27, 16], 8: [6, 34, 33], 9: [12, 13, 4], 10: [23, 37, 36], 11: [35, 2], 12: [10, 5], 13: [18, 21], 14: [30, 22]}
Attribute list: {0: [9, 3, 15], 1: [40, 39, 14], 2: [24, 11, 32], 3: [31, 38, 17], 4: [8, 29, 7], 5: [1, 25, 16], 6: [20, 27, 33], 7: [0, 34, 4], 8: [6, 13, 36], 9: [12, 37], 10: [23, 2], 11: [35, 5], 12: [10, 21], 13: [18, 22], 14: [30, 19], 15: [28, 26]}
Attribute list: {0: [9, 39, 32], 1: [40, 11, 17], 2: [24, 38, 7], 3: [31, 29, 16], 4: [8, 25, 33], 5: [1, 27, 4], 6: [20, 34, 36], 7: [0, 13], 8: [6, 37], 9: [12, 2], 10: [23, 5], 11: [35, 21], 12: [10, 22], 13: [18, 19], 14: [30, 26], 15: [28, 15], 16: [3, 14]}
Attribute list: {0: [9, 11, 7], 1: [40, 38, 16], 2: [24, 29, 33], 3: [31, 25, 4], 4: [8, 27, 36], 5: [1, 34], 6: [20, 13], 7: [0, 37], 8: [6, 2], 9: [12, 5], 10: [23, 21], 11: [35, 22], 12: [10, 19], 13: [18, 26], 14: [30, 15], 15: [28, 14], 16: [3, 32], 17: [39, 17]}
Attribute list: {0: [9, 38, 33], 1: [40, 29, 4], 2: [24, 25, 36], 3: [31, 27], 4: [8, 34], 5: [1, 13], 6: [20, 37], 7: [0, 2], 8: [6, 5], 9: [12, 21], 10: [23, 22], 11: [35, 19], 12: [10, 26], 13: [18, 15], 14: [30, 14], 15: [28, 32], 16: [3, 17], 17: [39, 7], 18: [11, 16]}
Attribute list: {0: [9, 29, 36], 1: [40, 25], 2: [24, 27], 3: [31, 34], 4: [8, 13], 5: [1, 37], 6: [20, 2], 7: [0, 5], 8: [6, 21], 9: [12, 22], 10: [23, 19], 11: [35, 26], 12: [10, 15], 13: [18, 14], 14: [30, 32], 15: [28, 17], 16: [3, 7], 17: [39, 16], 18: [11, 33], 19: [38, 4]}

All Data: 

{K,Avg,StD,Max,Min,Swing)
1,0.99295,0.00000,0.99295,0.99295,0.00000
2,0.98685,0.00158,0.98843,0.98526,0.00317
3,0.97340,0.01639,0.98749,0.95041,0.03708
4,0.98297,0.00254,0.98578,0.97896,0.00683
5,0.94147,0.06871,0.98583,0.80633,0.17950
6,0.90772,0.05908,0.98119,0.80719,0.17400
7,0.91661,0.06295,0.98450,0.80402,0.18048
8,0.87299,0.07371,0.98385,0.80311,0.18074
9,0.89551,0.07087,0.98483,0.80314,0.18169
10,0.89751,0.06674,0.98388,0.80311,0.18078
11,0.86004,0.07087,0.98047,0.80310,0.17737
12,0.85714,0.06548,0.97954,0.80063,0.17891
13,0.83215,0.05539,0.97788,0.80309,0.17479
14,0.87484,0.06495,0.98224,0.80309,0.17915
15,0.83667,0.06081,0.97936,0.80309,0.17627
16,0.84019,0.05525,0.97941,0.80309,0.17632
17,0.83134,0.05238,0.97940,0.80309,0.17631
18,0.83801,0.05889,0.97945,0.79889,0.18056
19,0.83013,0.05032,0.98107,0.80309,0.17798
20,0.83215,0.05188,0.97941,0.80309,0.17631

-Detailed Info

1,[0.99294564401108454]
2,[0.98843166586035813, 0.98526176012760591]
3,[0.95040899071092122, 0.98230034755607554, 0.9874904103266865]
4,[0.98578198092793623, 0.98433669823752434, 0.98281854415095715, 0.97895636015473031]
5,[0.98583056185870643, 0.97883693203325361, 0.80633211948479921, 0.9515324247349809, 0.98482453175067453]
6,[0.93816254774594598, 0.8071863341841744, 0.86425070999006115, 0.89761771260735879, 0.95790664769311429, 0.9811870345592596]
7,[0.83798259588155155, 0.98450470728977113, 0.94506306412075602, 0.96562899148011927, 0.93787915898312013, 0.94119885591908037, 0.80402047686231959]
8,[0.82904977723619033, 0.80311160861582809, 0.98081458075668848, 0.93123774090575095, 0.80319460103922713, 0.98384886472437405, 0.83409207300904209, 0.8185664172170819]
9,[0.93815242671870225, 0.97587349525627454, 0.98483060436702086, 0.8973748079535081, 0.80596776250402313, 0.84030435953127502, 0.80313589908121319, 0.97437153481329741, 0.83961815388414662]
10,[0.9603883235732894, 0.9631108799018665, 0.80310553599948176, 0.8981379334076891, 0.83260225779875752, 0.94839895470030622, 0.84147030186975857, 0.80618840089793753, 0.93786296533953006, 0.98388327621700289]
11,[0.80311160861582809, 0.80668028282198534, 0.80406703358764098, 0.90193331862410708, 0.83955945192613268, 0.97504154681683575, 0.80321889150461212, 0.98046844162495117, 0.80310148758858424, 0.80309541497223802, 0.94011590600399575]
12,[0.80312577805396934, 0.8039982106023833, 0.86401387795255669, 0.89730800917369913, 0.82890201023843113, 0.97953528291307457, 0.93786498954497888, 0.80628961117037534, 0.80310351179403305, 0.80311160861582809, 0.95778721957163759, 0.80062993273565297]
13,[0.84041366662550787, 0.83044647899583213, 0.8031865042174321, 0.97787745865054321, 0.80309541497223802, 0.93786498954497888, 0.80310351179403305, 0.80607706959825598, 0.8030913665613405, 0.8031865042174321, 0.8030913665613405, 0.80342536046038526, 0.80309743917768683]
14,[0.83319939840614066, 0.98223962139261289, 0.94125755787709431, 0.89673313482625228, 0.93786498954497888, 0.9051012001514106, 0.8030913665613405, 0.8063786762101206, 0.8030913665613405, 0.80549005001811669, 0.96301574224577502, 0.9237421081290067, 0.84258766327747203, 0.8040225010677684]
15,[0.8030913665613405, 0.8030913665613405, 0.80310351179403305, 0.94889893344614906, 0.8030913665613405, 0.80318245580653458, 0.8030913665613405, 0.80615601361075739, 0.80727944763481718, 0.80312577805396934, 0.93980012995398976, 0.83952706463895255, 0.80313792328666189, 0.80410954190206485, 0.97936322544993026]
16,[0.80310756020493057, 0.80311160861582809, 0.93786498954497888, 0.8974719698150484, 0.80309541497223802, 0.90489877960653498, 0.8030913665613405, 0.81057687831084102, 0.80688067916141215, 0.80309541497223802, 0.83950479837901626, 0.80324115776454852, 0.80322091571006093, 0.97940978217525165, 0.83263464508593765, 0.81188653923618637]
17,[0.8030913665613405, 0.93786498954497888, 0.8030913665613405, 0.89648213335060656, 0.80309339076678932, 0.8030913665613405, 0.80848992249317342, 0.80617018304889876, 0.8030893423558918, 0.83953111304985006, 0.80328771448986991, 0.80319257683377832, 0.9793976369425591, 0.80397796854789572, 0.83263464508593765, 0.80310351179403305, 0.80311160861582809]
18,[0.93815647512959977, 0.80311970543762312, 0.8030913665613405, 0.89738290477530303, 0.80511962042099428, 0.79889114025517138, 0.80312577805396934, 0.80628556275947783, 0.83952706463895255, 0.80314197169755941, 0.80321889150461212, 0.97944621787332931, 0.80309339076678932, 0.80397796854789572, 0.8326467903186302, 0.80311160861582809, 0.95774268705176502, 0.80318245580653458]
19,[0.8030913665613405, 0.8030913665613405, 0.80686043710692457, 0.89674528005894483, 0.80543944488189778, 0.80312577805396934, 0.8030913665613405, 0.83950479837901626, 0.80313589908121319, 0.80322293991550964, 0.98107367905412923, 0.8030913665613405, 0.80309339076678932, 0.80397999275334453, 0.83265286293497642, 0.83713040538762518, 0.80318245580653458, 0.8030913665613405, 0.93786498954497888]
20,[0.8068665097232709, 0.8030913665613405, 0.8030913665613405, 0.8975711558820374, 0.80312982646486686, 0.90463158448729908, 0.83952706463895255, 0.80618840089793753, 0.80321889150461212, 0.97940573376435414, 0.8030913665613405, 0.8030913665613405, 0.80310553599948176, 0.80399011378058827, 0.83256582210067998, 0.80318245580653458, 0.8030913665613405, 0.80311970543762312, 0.93786498954497888, 0.8030913665613405]

Done in: 3078.856544907001 seconds


Skipping op 1

Skipping iteration 4, continuing on to the next!
Skipping iteration 5, continuing on to the next!

------ END OF datasets/kdd10_2 ------ 

