
 *** *** *** *** NEW FILE OPEN *** *** *** *** 


--------------- Starting analysis for file: datasets/humanbot.csv

Num features in file: 25
Test iteration: 0. Op: 0

All Data: 

1,1.00000,0.00000,1.00000,1.00000,0.00000
2,1.00000,0.00000,1.00000,1.00000,0.00000
3,0.99965,0.00043,1.00000,0.99894,0.00106
4,0.99801,0.00086,1.00000,0.99309,0.00691
5,0.99894,0.00108,1.00000,0.99681,0.00319
6,0.98493,0.00444,1.00000,0.93245,0.06755
7,0.97606,0.00547,1.00000,0.94202,0.05798
8,0.97573,0.00565,1.00000,0.94043,0.05957
9,0.97683,0.00524,1.00000,0.93351,0.06649

Skipping op 1

Test iteration: 1. Op: 0

All Data: 

1,1.00000,0.00000,1.00000,1.00000,0.00000
2,1.00000,0.00000,1.00000,1.00000,0.00000
3,0.99929,0.00106,1.00000,0.99840,0.00160
4,0.99481,0.00198,1.00000,0.98085,0.01915
5,0.99670,0.00241,0.99947,0.98989,0.00957
6,0.99167,0.00263,1.00000,0.96436,0.03564
7,0.97264,0.00613,1.00000,0.90213,0.09787
8,0.95598,0.00737,0.99840,0.73989,0.25851
9,0.94610,0.00950,0.99894,0.72553,0.27340

Skipping op 1

Test iteration: 2. Op: 0

All Data: 

1,1.00000,0.00000,1.00000,1.00000,0.00000
2,0.99947,0.00065,1.00000,0.99894,0.00106
3,0.99273,0.00252,1.00000,0.97926,0.02074
4,0.99561,0.00185,1.00000,0.98564,0.01436
5,0.98106,0.00601,1.00000,0.94202,0.05798
6,0.98741,0.00245,0.99840,0.95053,0.04787
7,0.96801,0.00635,1.00000,0.90691,0.09309
8,0.96609,0.00552,1.00000,0.83936,0.16064
9,0.95414,0.00778,0.99947,0.72553,0.27394

Skipping op 1

Test iteration: 3. Op: 0

All Data: 

1,1.00000,0.00000,1.00000,1.00000,0.00000
2,1.00000,0.00000,1.00000,1.00000,0.00000
3,0.99840,0.00142,1.00000,0.99574,0.00426
4,0.99761,0.00141,1.00000,0.99681,0.00319
5,0.99809,0.00148,1.00000,0.99628,0.00372
6,0.94335,0.00941,1.00000,0.72553,0.27447
7,0.92196,0.01198,1.00000,0.76011,0.23989
8,0.98431,0.00485,0.99947,0.94043,0.05904
9,0.97654,0.00578,0.99681,0.90479,0.09202

Skipping op 1

Test iteration: 4. Op: 0

All Data: 

1,1.00000,0.00000,1.00000,1.00000,0.00000
2,0.99973,0.00053,1.00000,0.99947,0.00053
3,0.99911,0.00056,1.00000,0.99734,0.00266
4,0.98750,0.00252,1.00000,0.95585,0.04415
5,0.99138,0.00265,1.00000,0.96915,0.03085
6,0.95266,0.00750,0.99894,0.72553,0.27340
7,0.98480,0.00430,0.99681,0.93457,0.06223
8,0.94953,0.00824,0.99947,0.72500,0.27447
9,0.93174,0.00941,1.00000,0.72181,0.27819

Skipping op 1

Test iteration: 5. Op: 0

All Data: 

1,1.00000,0.00000,1.00000,1.00000,0.00000
2,0.99973,0.00053,1.00000,0.99947,0.00053
3,0.99911,0.00102,1.00000,0.99787,0.00213
4,0.98803,0.00239,1.00000,0.95532,0.04468
5,0.99798,0.00128,1.00000,0.99574,0.00426
6,0.98998,0.00320,0.99894,0.96862,0.03032
7,0.92576,0.01021,1.00000,0.72553,0.27447
8,0.95199,0.00783,1.00000,0.72553,0.27447
9,0.97654,0.00560,0.99681,0.93191,0.06489

Skipping op 1

Test iteration: 6. Op: 0

All Data: 

1,1.00000,0.00000,1.00000,1.00000,0.00000
2,1.00000,0.00000,1.00000,1.00000,0.00000
3,0.99911,0.00056,1.00000,0.99734,0.00266
4,0.99867,0.00124,1.00000,0.99681,0.00319
5,0.94447,0.00835,1.00000,0.72553,0.27447
6,0.98289,0.00470,1.00000,0.92394,0.07606
7,0.94119,0.01013,1.00000,0.72606,0.27394
8,0.95612,0.00798,0.99947,0.72500,0.27447
9,0.94994,0.00889,0.99628,0.72553,0.27074

Skipping op 1

Test iteration: 7. Op: 0

All Data: 

1,1.00000,0.00000,1.00000,1.00000,0.00000
2,1.00000,0.00000,1.00000,1.00000,0.00000
3,0.99947,0.00071,1.00000,0.99840,0.00160
4,0.99894,0.00103,1.00000,0.99681,0.00319
5,0.99106,0.00255,1.00000,0.96809,0.03191
6,0.98528,0.00390,1.00000,0.94309,0.05691
7,0.94924,0.00774,1.00000,0.72234,0.27766
8,0.98783,0.00391,0.99947,0.94309,0.05638
9,0.92872,0.01002,1.00000,0.72553,0.27447

Skipping op 1

Test iteration: 8. Op: 0

All Data: 

1,1.00000,0.00000,1.00000,1.00000,0.00000
2,1.00000,0.00000,1.00000,1.00000,0.00000
3,0.99699,0.00155,1.00000,0.99096,0.00904
4,0.99840,0.00133,1.00000,0.99574,0.00426
5,0.98489,0.00325,1.00000,0.93298,0.06702
6,0.98644,0.00417,0.99947,0.94149,0.05798
7,0.95479,0.00817,0.99840,0.72394,0.27447
8,0.95758,0.00517,1.00000,0.77287,0.22713
9,0.95213,0.00773,0.99947,0.78723,0.21223

Skipping op 1

Test iteration: 9. Op: 0

All Data: 

1,1.00000,0.00000,1.00000,1.00000,0.00000
2,0.99973,0.00053,1.00000,0.99947,0.00053
3,0.99894,0.00066,1.00000,0.99681,0.00319
4,0.98723,0.00225,1.00000,0.96170,0.03830
5,0.99553,0.00329,0.99947,0.98936,0.01011
6,0.99424,0.00262,1.00000,0.98245,0.01755
7,0.98541,0.00449,1.00000,0.94096,0.05904
8,0.94395,0.00955,1.00000,0.72553,0.27447
9,0.93209,0.00864,1.00000,0.71862,0.28138

Skipping op 1

Test iteration: 10. Op: 0

All Data: 

1,1.00000,0.00000,1.00000,1.00000,0.00000
2,0.99920,0.00118,0.99947,0.99894,0.00053
3,0.99911,0.00114,1.00000,0.99840,0.00160
4,0.99508,0.00198,0.99947,0.98564,0.01383
5,0.99011,0.00296,1.00000,0.97819,0.02181
6,0.98617,0.00422,0.99840,0.93457,0.06383
7,0.95160,0.00775,0.99787,0.72181,0.27606
8,0.97527,0.00618,0.99734,0.90691,0.09043
9,0.95248,0.00931,1.00000,0.72553,0.27447

Skipping op 1


------ END OF datasets/humanbot.csv ------ 


Total SVMs: 2475


 *** *** *** *** NEW FILE OPEN *** *** *** *** 


--------------- Starting analysis for file: datasets/humanbot.csv

Num features in file: 25
Test iteration: 0. Op: 0

All Data: 

1,1.00000,0.00000,1.00000,1.00000,0.00000
2,1.00000,0.00000,1.00000,1.00000,0.00000
3,0.99947,0.00043,1.00000,0.99840,0.00160
4,0.99774,0.00147,1.00000,0.99202,0.00798
5,0.99894,0.00131,1.00000,0.99681,0.00319
6,0.98502,0.00181,1.00000,0.93298,0.06702
7,0.97568,0.00359,1.00000,0.94202,0.05798
8,0.97606,0.00355,1.00000,0.94149,0.05851
9,0.97713,0.00332,1.00000,0.93511,0.06489
10,0.97447,0.00439,0.99894,0.93298,0.06596

Skipping op 1

Test iteration: 1. Op: 0

All Data: 

1,1.00000,0.00000,1.00000,1.00000,0.00000
2,1.00000,0.00000,1.00000,1.00000,0.00000
3,0.99840,0.00114,1.00000,0.99628,0.00372
4,0.99215,0.00225,1.00000,0.96968,0.03032
5,0.96064,0.00898,1.00000,0.81223,0.18777
6,0.95168,0.00751,0.99894,0.72660,0.27234
7,0.97637,0.00448,1.00000,0.93457,0.06543
8,0.95133,0.00687,1.00000,0.72660,0.27340
9,0.93700,0.00927,0.99787,0.72819,0.26968
10,0.90590,0.01287,0.99947,0.72660,0.27287

Skipping op 1

Test iteration: 2. Op: 0

All Data: 

1,1.00000,0.00000,1.00000,1.00000,0.00000
2,1.00000,0.00000,1.00000,1.00000,0.00000
3,0.99965,0.00043,1.00000,0.99894,0.00106
4,0.98870,0.00149,1.00000,0.95638,0.04362
5,0.99447,0.00261,0.99947,0.98511,0.01436
6,0.98103,0.00295,0.99947,0.94043,0.05904
7,0.95410,0.00701,1.00000,0.72660,0.27340
8,0.91828,0.00963,1.00000,0.72287,0.27713
9,0.95467,0.00662,1.00000,0.72819,0.27181
10,0.94580,0.00845,0.99947,0.72660,0.27287

Skipping op 1

Test iteration: 3. Op: 0

All Data: 

1,1.00000,0.00000,1.00000,1.00000,0.00000
2,0.99947,0.00065,1.00000,0.99894,0.00106
3,0.99787,0.00158,0.99894,0.99574,0.00319
4,0.98883,0.00187,1.00000,0.95851,0.04149
5,0.98936,0.00206,1.00000,0.95213,0.04787
6,0.94938,0.00707,0.99894,0.72660,0.27234
7,0.97796,0.00361,1.00000,0.90319,0.09681
8,0.94834,0.00641,1.00000,0.72553,0.27447
9,0.95230,0.00760,0.99894,0.72660,0.27234
10,0.92952,0.00883,0.99947,0.72660,0.27287

Skipping op 1

Test iteration: 4. Op: 0

All Data: 

1,1.00000,0.00000,1.00000,1.00000,0.00000
2,1.00000,0.00000,1.00000,1.00000,0.00000
3,1.00000,0.00000,1.00000,1.00000,0.00000
4,0.99734,0.00177,0.99947,0.99309,0.00638
5,0.99532,0.00238,1.00000,0.98936,0.01064
6,0.98191,0.00370,1.00000,0.92872,0.07128
7,0.97675,0.00351,0.99894,0.94149,0.05745
8,0.98391,0.00448,0.99734,0.95691,0.04043
9,0.97595,0.00383,1.00000,0.93617,0.06383
10,0.97473,0.00384,1.00000,0.93351,0.06649

Skipping op 1

Test iteration: 5. Op: 0

All Data: 

1,1.00000,0.00000,1.00000,1.00000,0.00000
2,1.00000,0.00000,1.00000,1.00000,0.00000
3,0.99858,0.00099,1.00000,0.99734,0.00266
4,0.99774,0.00145,1.00000,0.99574,0.00426
5,0.99234,0.00224,1.00000,0.97979,0.02021
6,0.99113,0.00296,0.99947,0.97074,0.02872
7,0.97173,0.00404,1.00000,0.90798,0.09202
8,0.92793,0.00995,1.00000,0.72660,0.27340
9,0.91785,0.00965,0.99787,0.72660,0.27128
10,0.93856,0.01043,0.99947,0.72979,0.26968

Skipping op 1

Test iteration: 6. Op: 0

All Data: 

1,1.00000,0.00000,1.00000,1.00000,0.00000
2,1.00000,0.00000,1.00000,1.00000,0.00000
3,0.99929,0.00079,1.00000,0.99840,0.00160
4,0.99880,0.00137,1.00000,0.99681,0.00319
5,0.99117,0.00289,0.99840,0.96809,0.03032
6,0.99415,0.00295,0.99894,0.97872,0.02021
7,0.95532,0.00614,0.99947,0.72340,0.27606
8,0.98265,0.00335,0.99947,0.95000,0.04947
9,0.92861,0.00976,0.99840,0.72553,0.27287
10,0.93011,0.00926,0.99840,0.72660,0.27181

Skipping op 1

Test iteration: 7. Op: 0

All Data: 

1,1.00000,0.00000,1.00000,1.00000,0.00000
2,1.00000,0.00000,1.00000,1.00000,0.00000
3,0.99876,0.00102,1.00000,0.99681,0.00319
4,0.99043,0.00256,1.00000,0.97872,0.02128
5,0.99840,0.00167,1.00000,0.99574,0.00426
6,0.98706,0.00269,1.00000,0.95106,0.04894
7,0.97515,0.00356,0.99840,0.94415,0.05426
8,0.95213,0.00719,1.00000,0.72872,0.27128
9,0.95301,0.00759,1.00000,0.72660,0.27340
10,0.94941,0.00796,0.99840,0.72660,0.27181

Skipping op 1

Test iteration: 8. Op: 0

All Data: 

1,1.00000,0.00000,1.00000,1.00000,0.00000
2,1.00000,0.00000,1.00000,1.00000,0.00000
3,0.99858,0.00126,1.00000,0.99628,0.00372
4,0.99109,0.00238,1.00000,0.96862,0.03138
5,0.94191,0.00821,0.99840,0.72128,0.27713
6,0.95035,0.00656,1.00000,0.72872,0.27128
7,0.98374,0.00444,1.00000,0.95213,0.04787
8,0.97859,0.00359,0.99947,0.93032,0.06915
9,0.94622,0.00747,1.00000,0.72660,0.27340
10,0.93021,0.00928,0.99681,0.72287,0.27394

Skipping op 1

Test iteration: 9. Op: 0

All Data: 

1,1.00000,0.00000,1.00000,1.00000,0.00000
2,1.00000,0.00000,1.00000,1.00000,0.00000
3,0.99929,0.00103,1.00000,0.99787,0.00213
4,0.99840,0.00162,0.99947,0.99681,0.00266
5,0.98234,0.00347,1.00000,0.95585,0.04415
6,0.99654,0.00285,1.00000,0.99043,0.00957
7,0.97272,0.00339,1.00000,0.93351,0.06649
8,0.98590,0.00290,0.99947,0.93351,0.06596
9,0.93966,0.00830,1.00000,0.72660,0.27340
10,0.94649,0.00744,0.99947,0.72340,0.27606

Skipping op 1

Test iteration: 10. Op: 0

All Data: 

1,1.00000,0.00000,1.00000,1.00000,0.00000
2,0.99973,0.00053,1.00000,0.99947,0.00053
3,0.99965,0.00043,1.00000,0.99894,0.00106
4,0.99628,0.00253,1.00000,0.99149,0.00851
5,0.98266,0.00311,1.00000,0.93883,0.06117
6,0.98546,0.00201,1.00000,0.93032,0.06968
7,0.94932,0.00650,1.00000,0.72553,0.27447
8,0.95725,0.00727,0.99734,0.72660,0.27074
9,0.90083,0.01306,0.99734,0.72287,0.27447
10,0.93410,0.00916,0.99894,0.72660,0.27234

Skipping op 1


------ END OF datasets/humanbot.csv ------ 


Total SVMs: 3025

