
 *** *** *** *** NEW FILE OPEN *** *** *** *** 


--------------- Starting analysis for file: datasets/digits08.csv

Num features in file: 16
Test iteration: 0. Op: 0

All Data: 

3,0.92192,0.01214,0.94027,0.88993,0.05034
4,0.85285,0.02338,0.94362,0.75034,0.19329
5,0.81369,0.02558,0.90067,0.72416,0.17651
6,0.82349,0.02193,0.92953,0.73624,0.19329
7,0.79597,0.02541,0.90000,0.73087,0.16913
8,0.76594,0.02862,0.93020,0.68121,0.24899
9,0.76779,0.02545,0.88926,0.67919,0.21007
10,0.75383,0.02855,0.87114,0.63960,0.23154
11,0.74234,0.02979,0.87517,0.63960,0.23557
12,0.73009,0.02933,0.91812,0.60067,0.31745
13,0.72189,0.02799,0.90403,0.57987,0.32416
14,0.70781,0.02768,0.87785,0.56711,0.31074
15,0.69584,0.02861,0.89933,0.54161,0.35772

Skipping op 1

Test iteration: 1. Op: 0

All Data: 

3,0.87427,0.01849,0.94497,0.75839,0.18658
4,0.89648,0.01168,0.94094,0.85034,0.09060
5,0.84282,0.02241,0.94631,0.75034,0.19597
6,0.81566,0.01825,0.93893,0.66174,0.27718
7,0.80575,0.02139,0.92617,0.69060,0.23557
8,0.76342,0.02360,0.87987,0.58255,0.29732
9,0.74870,0.03128,0.90201,0.63758,0.26443
10,0.75040,0.02726,0.90403,0.63960,0.26443
11,0.72868,0.02775,0.87785,0.53423,0.34362
12,0.71588,0.02764,0.87248,0.53423,0.33826
13,0.69933,0.02707,0.87248,0.53423,0.33826
14,0.70484,0.02794,0.87248,0.53423,0.33826
15,0.69329,0.02837,0.87248,0.53423,0.33826

Skipping op 1

Test iteration: 2. Op: 0

All Data: 

3,0.86957,0.02139,0.96309,0.79530,0.16779
4,0.86158,0.01704,0.91477,0.78054,0.13423
5,0.83879,0.02411,0.96242,0.77114,0.19128
6,0.79810,0.02352,0.93490,0.67919,0.25570
7,0.79990,0.02879,0.94027,0.67852,0.26174
8,0.76753,0.02404,0.88054,0.62483,0.25570
9,0.76324,0.02871,0.93826,0.65570,0.28255
10,0.74832,0.02439,0.91812,0.54161,0.37651
11,0.72794,0.02700,0.89329,0.54161,0.35168
12,0.71068,0.02525,0.87248,0.53423,0.33826
13,0.71285,0.02753,0.87248,0.53423,0.33826
14,0.70700,0.02617,0.89262,0.53423,0.35839
15,0.68456,0.02737,0.88859,0.53423,0.35436

Skipping op 1

Test iteration: 3. Op: 0

All Data: 

3,0.92081,0.00985,0.93960,0.88926,0.05034
4,0.89430,0.01343,0.95101,0.82215,0.12886
5,0.81758,0.02413,0.94295,0.67919,0.26376
6,0.80906,0.02175,0.93691,0.68322,0.25369
7,0.81515,0.02266,0.91745,0.74362,0.17383
8,0.80545,0.02228,0.94832,0.62483,0.32349
9,0.75309,0.02611,0.87114,0.63087,0.24027
10,0.73423,0.02961,0.91812,0.50604,0.41208
11,0.72105,0.03012,0.89329,0.56711,0.32617
12,0.71952,0.02541,0.93691,0.56711,0.36980
13,0.71100,0.02762,0.87248,0.53423,0.33826
14,0.69947,0.02620,0.87248,0.53423,0.33826
15,0.69338,0.02566,0.92953,0.53423,0.39530

Skipping op 1

Test iteration: 4. Op: 0

All Data: 

3,0.93244,0.00876,0.94564,0.91611,0.02953
4,0.88238,0.01517,0.93423,0.83490,0.09933
5,0.82228,0.02281,0.94161,0.71477,0.22685
6,0.83971,0.01717,0.93154,0.74765,0.18389
7,0.80211,0.02190,0.92752,0.66174,0.26577
8,0.76661,0.02942,0.93020,0.68121,0.24899
9,0.74004,0.02635,0.90201,0.56711,0.33490
10,0.72114,0.02891,0.93826,0.56711,0.37114
11,0.70305,0.02694,0.90470,0.50604,0.39866
12,0.70459,0.02683,0.87114,0.53423,0.33691
13,0.69954,0.02859,0.90940,0.53423,0.37517
14,0.69319,0.02850,0.87785,0.53423,0.34362
15,0.69687,0.02746,0.87248,0.53423,0.33826

Skipping op 1

Test iteration: 5. Op: 0

All Data: 

3,0.94072,0.01223,0.96107,0.92483,0.03624
4,0.90386,0.01191,0.95034,0.83624,0.11409
5,0.81799,0.02282,0.91879,0.72483,0.19396
6,0.85548,0.01663,0.96174,0.71812,0.24362
7,0.80384,0.02342,0.89933,0.69396,0.20537
8,0.77936,0.02477,0.92953,0.63691,0.29262
9,0.74817,0.02833,0.90470,0.63087,0.27383
10,0.71758,0.02873,0.90201,0.53423,0.36779
11,0.70641,0.02782,0.89329,0.53423,0.35906
12,0.72450,0.02650,0.94832,0.53423,0.41409
13,0.70728,0.02816,0.87785,0.53423,0.34362
14,0.70288,0.02843,0.87248,0.53423,0.33826
15,0.69351,0.02875,0.87248,0.53423,0.33826

Skipping op 1

Test iteration: 6. Op: 0

All Data: 

3,0.89553,0.01599,0.95772,0.80470,0.15302
4,0.85419,0.02203,0.91946,0.80403,0.11544
5,0.80510,0.02278,0.93893,0.68591,0.25302
6,0.79866,0.02667,0.95436,0.68121,0.27315
7,0.79233,0.02720,0.93758,0.65705,0.28054
8,0.78591,0.02529,0.87114,0.65570,0.21544
9,0.75451,0.02653,0.92953,0.50604,0.42349
10,0.74826,0.02851,0.93826,0.63960,0.29866
11,0.75351,0.02638,0.94832,0.59933,0.34899
12,0.70878,0.02829,0.89329,0.53423,0.35906
13,0.71724,0.02785,0.87517,0.53423,0.34094
14,0.70211,0.02822,0.87248,0.53423,0.33826
15,0.69794,0.02769,0.87248,0.53423,0.33826

Skipping op 1

Test iteration: 7. Op: 0

All Data: 

3,0.84810,0.02145,0.95570,0.75638,0.19933
4,0.85453,0.01671,0.93289,0.80940,0.12349
5,0.85208,0.02315,0.90671,0.79195,0.11477
6,0.79899,0.02294,0.91342,0.72349,0.18993
7,0.81141,0.02209,0.93087,0.69128,0.23960
8,0.76569,0.02465,0.89262,0.50604,0.38658
9,0.75093,0.02673,0.91812,0.54161,0.37651
10,0.73483,0.02490,0.90470,0.54161,0.36309
11,0.70336,0.02751,0.89530,0.54161,0.35369
12,0.70900,0.02784,0.89329,0.54161,0.35168
13,0.70237,0.02730,0.90201,0.54161,0.36040
14,0.69847,0.02789,0.93020,0.54161,0.38859
15,0.69553,0.02830,0.87248,0.54161,0.33087

Skipping op 1

Test iteration: 8. Op: 0

All Data: 

3,0.92013,0.00888,0.94094,0.88993,0.05101
4,0.87718,0.01967,0.94295,0.76711,0.17584
5,0.84550,0.02103,0.93154,0.69396,0.23758
6,0.80727,0.02412,0.90403,0.73289,0.17114
7,0.80230,0.02885,0.91812,0.68121,0.23691
8,0.74958,0.02361,0.90940,0.56779,0.34161
9,0.77159,0.02472,0.89262,0.65906,0.23356
10,0.78651,0.02411,0.91812,0.67718,0.24094
11,0.72050,0.02697,0.87517,0.50604,0.36913
12,0.72645,0.02760,0.88926,0.57987,0.30940
13,0.72406,0.02843,0.87248,0.57987,0.29262
14,0.70278,0.02646,0.87248,0.53423,0.33826
15,0.68904,0.02726,0.87248,0.53423,0.33826

Skipping op 1

Test iteration: 9. Op: 0

All Data: 

3,0.92394,0.01150,0.95570,0.87651,0.07919
4,0.85805,0.01595,0.93893,0.79463,0.14430
5,0.80443,0.02266,0.89866,0.70000,0.19866
6,0.77562,0.02182,0.93691,0.56711,0.36980
7,0.79358,0.02023,0.94899,0.62483,0.32416
8,0.78440,0.02513,0.91812,0.67718,0.24094
9,0.76667,0.02924,0.90403,0.63960,0.26443
10,0.73094,0.02752,0.87114,0.53423,0.33691
11,0.71885,0.02800,0.93020,0.53423,0.39597
12,0.69200,0.02640,0.89530,0.53423,0.36107
13,0.68906,0.02671,0.87248,0.53423,0.33826
14,0.68389,0.02732,0.87248,0.53423,0.33826
15,0.68282,0.02692,0.87248,0.53423,0.33826

Skipping op 1

Test iteration: 10. Op: 0

All Data: 

3,0.90157,0.01838,0.94631,0.87517,0.07114
4,0.86342,0.01894,0.92886,0.76577,0.16309
5,0.82107,0.02266,0.93960,0.70268,0.23691
6,0.80045,0.02610,0.93154,0.65570,0.27584
7,0.78936,0.02142,0.93423,0.58255,0.35168
8,0.75998,0.02306,0.90940,0.65906,0.25034
9,0.76570,0.02802,0.89933,0.67987,0.21946
10,0.72530,0.02866,0.90403,0.50604,0.39799
11,0.71171,0.02739,0.90201,0.53423,0.36779
12,0.71879,0.02811,0.87987,0.53423,0.34564
13,0.69303,0.02717,0.89530,0.53423,0.36107
14,0.69708,0.02862,0.93020,0.53423,0.39597
15,0.69682,0.02809,0.87248,0.53423,0.33826

Skipping op 1


------ END OF datasets/digits08.csv ------ 


--------------- Starting analysis for file: datasets/sonar.csv

Num features in file: 60
Test iteration: 0. Op: 0

All Data: 

3,0.73833,0.06016,0.74500,0.73000,0.01500
4,0.73250,0.05614,0.74500,0.71500,0.03000
5,0.74400,0.06118,0.76500,0.70500,0.06000
6,0.70667,0.06018,0.73500,0.67500,0.06000
7,0.68071,0.05205,0.73500,0.61000,0.12500
8,0.69312,0.07367,0.75500,0.64500,0.11000
9,0.68611,0.07173,0.74000,0.62500,0.11500
10,0.68750,0.06910,0.76000,0.62000,0.14000
11,0.69227,0.06832,0.76000,0.63500,0.12500
12,0.66708,0.07272,0.73000,0.62000,0.11000
13,0.66808,0.07167,0.72500,0.62000,0.10500
14,0.66250,0.06334,0.74500,0.56500,0.18000
15,0.65933,0.06281,0.73000,0.59000,0.14000

Skipping op 1

Test iteration: 1. Op: 0

All Data: 

3,0.73333,0.05114,0.74500,0.71000,0.03500
4,0.70875,0.04898,0.73000,0.68500,0.04500
5,0.71500,0.06992,0.77000,0.65500,0.11500
6,0.69750,0.05446,0.75500,0.64000,0.11500
7,0.67929,0.05207,0.72000,0.63500,0.08500
8,0.67063,0.05844,0.75500,0.63000,0.12500
9,0.69611,0.06297,0.74000,0.64000,0.10000
10,0.68650,0.06176,0.74500,0.61000,0.13500
11,0.67909,0.06257,0.74000,0.60500,0.13500
12,0.65042,0.05205,0.72000,0.55000,0.17000
13,0.65654,0.07209,0.73500,0.57500,0.16000
14,0.67107,0.06011,0.75500,0.58000,0.17500
15,0.65200,0.06798,0.72500,0.56500,0.16000

Skipping op 1

Test iteration: 2. Op: 0

All Data: 

3,0.72667,0.06686,0.74500,0.69500,0.05000
4,0.71250,0.05927,0.75000,0.69500,0.05500
5,0.71600,0.05796,0.77500,0.68000,0.09500
6,0.71000,0.05544,0.75500,0.67000,0.08500
7,0.70143,0.06677,0.74000,0.63500,0.10500
8,0.69437,0.06401,0.78500,0.65500,0.13000
9,0.67556,0.05199,0.73500,0.60500,0.13000
10,0.67300,0.05530,0.73000,0.57000,0.16000
11,0.66091,0.05984,0.70500,0.61500,0.09000
12,0.65833,0.06110,0.74500,0.60000,0.14500
13,0.65154,0.06478,0.73000,0.53500,0.19500
14,0.66107,0.06325,0.74000,0.52500,0.21500
15,0.64267,0.07536,0.74500,0.53500,0.21000

Skipping op 1

Test iteration: 3. Op: 0

All Data: 

3,0.74167,0.02885,0.75000,0.72500,0.02500
4,0.69750,0.04874,0.73000,0.67000,0.06000
5,0.71500,0.04852,0.73000,0.68000,0.05000
6,0.69417,0.07352,0.73500,0.66000,0.07500
7,0.67929,0.04825,0.73000,0.60000,0.13000
8,0.66187,0.05346,0.73500,0.59000,0.14500
9,0.68167,0.05528,0.73000,0.65000,0.08000
10,0.66500,0.06262,0.74500,0.60000,0.14500
11,0.67000,0.07135,0.75500,0.59000,0.16500
12,0.65250,0.05833,0.73500,0.53000,0.20500
13,0.65808,0.06251,0.73500,0.58500,0.15000
14,0.65393,0.06361,0.72000,0.57500,0.14500
15,0.66733,0.07520,0.73500,0.54000,0.19500

Skipping op 1

Test iteration: 4. Op: 0

All Data: 

3,0.73333,0.03225,0.74500,0.71500,0.03000
4,0.72500,0.03166,0.75500,0.68500,0.07000
5,0.70200,0.05618,0.72500,0.67500,0.05000
6,0.69083,0.03552,0.78000,0.59500,0.18500
7,0.70214,0.06500,0.74500,0.66000,0.08500
8,0.68375,0.06069,0.77000,0.58000,0.19000
9,0.67611,0.05845,0.70500,0.62500,0.08000
10,0.66100,0.06619,0.77500,0.55500,0.22000
11,0.65227,0.06047,0.75500,0.49000,0.26500
12,0.66333,0.06668,0.75500,0.60500,0.15000
13,0.65462,0.06658,0.73000,0.57000,0.16000
14,0.66500,0.05758,0.74000,0.58500,0.15500
15,0.63767,0.06155,0.72500,0.53500,0.19000

Skipping op 1

Test iteration: 5. Op: 0

All Data: 

3,0.72500,0.04459,0.74500,0.70500,0.04000
4,0.72125,0.04365,0.78500,0.68000,0.10500
5,0.73900,0.04991,0.77000,0.71000,0.06000
6,0.71417,0.05569,0.74500,0.64500,0.10000
7,0.67929,0.05745,0.73000,0.60500,0.12500
8,0.69375,0.05575,0.77500,0.62000,0.15500
9,0.67889,0.06190,0.71500,0.62500,0.09000
10,0.66750,0.05620,0.75500,0.59500,0.16000
11,0.67409,0.06289,0.74500,0.58000,0.16500
12,0.66875,0.06875,0.77000,0.55500,0.21500
13,0.65462,0.06275,0.73500,0.57500,0.16000
14,0.64679,0.06343,0.72000,0.57500,0.14500
15,0.65300,0.06217,0.75000,0.53000,0.22000

Skipping op 1

Test iteration: 6. Op: 0

All Data: 

3,0.71333,0.02933,0.72000,0.70000,0.02000
4,0.70250,0.05811,0.77000,0.64000,0.13000
5,0.70900,0.05468,0.73500,0.67500,0.06000
6,0.69500,0.04190,0.74500,0.66000,0.08500
7,0.69786,0.07546,0.74000,0.66000,0.08000
8,0.68125,0.05616,0.74500,0.62500,0.12000
9,0.67944,0.06861,0.74500,0.53000,0.21500
10,0.68550,0.07115,0.75500,0.62500,0.13000
11,0.65909,0.05482,0.72000,0.59500,0.12500
12,0.66875,0.06072,0.76000,0.56000,0.20000
13,0.64885,0.06880,0.72500,0.51500,0.21000
14,0.65643,0.06596,0.71500,0.54500,0.17000
15,0.64900,0.06810,0.75500,0.53500,0.22000

Skipping op 1

Test iteration: 7. Op: 0

All Data: 

3,0.75333,0.04833,0.77500,0.73000,0.04500
4,0.73250,0.04067,0.75000,0.72000,0.03000
5,0.71300,0.06868,0.73500,0.66500,0.07000
6,0.70917,0.05788,0.76500,0.65000,0.11500
7,0.68357,0.05917,0.73500,0.63000,0.10500
8,0.68125,0.05233,0.72500,0.63000,0.09500
9,0.69278,0.06228,0.74000,0.63000,0.11000
10,0.68150,0.05850,0.73000,0.57500,0.15500
11,0.66227,0.06285,0.72500,0.54000,0.18500
12,0.66375,0.05438,0.76000,0.57500,0.18500
13,0.64923,0.06965,0.76500,0.54500,0.22000
14,0.64464,0.06879,0.71500,0.54000,0.17500
15,0.66267,0.06110,0.73500,0.59000,0.14500

Skipping op 1

Test iteration: 8. Op: 0

All Data: 

3,0.70833,0.05380,0.75000,0.66500,0.08500
4,0.72125,0.04748,0.75500,0.68500,0.07000
5,0.69100,0.07582,0.72500,0.64000,0.08500
6,0.70083,0.04443,0.74000,0.66500,0.07500
7,0.70929,0.06146,0.75000,0.66500,0.08500
8,0.67937,0.05220,0.75500,0.58000,0.17500
9,0.69167,0.05643,0.77500,0.60000,0.17500
10,0.67200,0.05898,0.70000,0.57000,0.13000
11,0.66091,0.07347,0.76000,0.51000,0.25000
12,0.67042,0.05792,0.72500,0.59500,0.13000
13,0.65692,0.05901,0.74500,0.55500,0.19000
14,0.66321,0.06373,0.74000,0.47500,0.26500
15,0.65700,0.06912,0.71500,0.54500,0.17000

Skipping op 1

Test iteration: 9. Op: 0

All Data: 

3,0.73000,0.06013,0.77000,0.71000,0.06000
4,0.72750,0.04715,0.75500,0.66500,0.09000
5,0.70300,0.05049,0.73000,0.67500,0.05500
6,0.70417,0.06721,0.74500,0.68000,0.06500
7,0.69429,0.05915,0.74000,0.63500,0.10500
8,0.70000,0.06081,0.73500,0.63000,0.10500
9,0.68500,0.06707,0.76000,0.62000,0.14000
10,0.66350,0.05628,0.73000,0.57000,0.16000
11,0.67318,0.05782,0.76000,0.58500,0.17500
12,0.65458,0.06761,0.74000,0.53000,0.21000
13,0.66885,0.04905,0.77000,0.56000,0.21000
14,0.65393,0.06525,0.71500,0.56500,0.15000
15,0.64967,0.06765,0.74000,0.55500,0.18500

Skipping op 1

Test iteration: 10. Op: 0

All Data: 

3,0.72833,0.04077,0.75500,0.69500,0.06000
4,0.73250,0.04918,0.76000,0.71000,0.05000
5,0.71900,0.05724,0.77000,0.67500,0.09500
6,0.70667,0.05535,0.74000,0.66000,0.08000
7,0.69214,0.05611,0.77000,0.64000,0.13000
8,0.69063,0.05640,0.73500,0.64500,0.09000
9,0.68500,0.05528,0.74000,0.61500,0.12500
10,0.68550,0.05161,0.74000,0.60000,0.14000
11,0.67273,0.07147,0.75000,0.56500,0.18500
12,0.67042,0.06760,0.72000,0.59500,0.12500
13,0.65692,0.06405,0.73000,0.57500,0.15500
14,0.65500,0.06388,0.74500,0.57000,0.17500
15,0.64600,0.06999,0.76000,0.54500,0.21500

Skipping op 1


------ END OF datasets/sonar.csv ------ 


--------------- Starting analysis for file: datasets/credit.csv

Num features in file: 61
Test iteration: 0. Op: 0

All Data: 

3,0.72295,0.02744,0.73166,0.71156,0.02010
4,0.71608,0.02873,0.72764,0.70754,0.02010
5,0.70874,0.02309,0.72261,0.69447,0.02814
6,0.70385,0.02531,0.71859,0.69648,0.02211
7,0.70510,0.02020,0.72362,0.69246,0.03116
8,0.70188,0.02321,0.71156,0.69146,0.02010
9,0.70329,0.02611,0.71658,0.69246,0.02412
10,0.70221,0.02382,0.71156,0.69347,0.01809
11,0.70078,0.02432,0.71055,0.69146,0.01910
12,0.70260,0.02461,0.71156,0.69548,0.01608
13,0.70213,0.02391,0.71457,0.68643,0.02814
14,0.70093,0.02400,0.70754,0.69146,0.01608
15,0.70084,0.02490,0.71055,0.69146,0.01910

Skipping op 1

Test iteration: 1. Op: 0

All Data: 

3,0.71826,0.02207,0.72161,0.71457,0.00704
4,0.72060,0.02428,0.74472,0.71156,0.03317
5,0.70874,0.02481,0.73367,0.69447,0.03920
6,0.70586,0.02377,0.71256,0.69749,0.01508
7,0.70007,0.02376,0.70653,0.69045,0.01608
8,0.70553,0.02486,0.71658,0.69548,0.02111
9,0.70285,0.02529,0.71256,0.69447,0.01809
10,0.70271,0.02491,0.72764,0.69447,0.03317
11,0.70598,0.02615,0.73065,0.69548,0.03518
12,0.70151,0.02495,0.71055,0.69246,0.01809
13,0.70158,0.02385,0.70955,0.69749,0.01206
14,0.70014,0.02464,0.70854,0.68543,0.02312
15,0.70251,0.02456,0.71457,0.69548,0.01910

Skipping op 1

Test iteration: 2. Op: 0

All Data: 

3,0.71926,0.03101,0.73668,0.70754,0.02915
4,0.71030,0.02464,0.73065,0.69648,0.03417
5,0.71457,0.02317,0.72462,0.69849,0.02613
6,0.70570,0.02145,0.73065,0.68442,0.04623
7,0.70897,0.02455,0.72563,0.69648,0.02915
8,0.70867,0.02578,0.72764,0.69749,0.03015
9,0.70117,0.02679,0.71357,0.69447,0.01910
10,0.70452,0.02147,0.71457,0.69447,0.02010
11,0.70270,0.02654,0.71055,0.69447,0.01608
12,0.70243,0.02566,0.71960,0.69447,0.02513
13,0.70205,0.02536,0.70854,0.69447,0.01407
14,0.70388,0.02326,0.72362,0.69548,0.02814
15,0.70365,0.02537,0.71256,0.69950,0.01307

Skipping op 1

Test iteration: 3. Op: 0

All Data: 

3,0.72395,0.02727,0.73869,0.70553,0.03317
4,0.71181,0.02211,0.71759,0.70151,0.01608
5,0.71075,0.02586,0.72563,0.69950,0.02613
6,0.70503,0.02381,0.71558,0.68945,0.02613
7,0.70639,0.02339,0.72261,0.68643,0.03618
8,0.70013,0.02387,0.71759,0.68442,0.03317
9,0.70374,0.02567,0.71156,0.69648,0.01508
10,0.70291,0.02496,0.71055,0.69950,0.01106
11,0.70169,0.02367,0.72060,0.69146,0.02915
12,0.70176,0.02537,0.70955,0.69648,0.01307
13,0.70352,0.02407,0.72161,0.69447,0.02714
14,0.70237,0.02513,0.71055,0.69749,0.01307
15,0.70111,0.02570,0.71055,0.69548,0.01508

Skipping op 1

Test iteration: 4. Op: 0

All Data: 

3,0.73635,0.02414,0.74975,0.72161,0.02814
4,0.71457,0.02994,0.73065,0.69146,0.03920
5,0.70935,0.02388,0.71960,0.69950,0.02010
6,0.71055,0.02961,0.72764,0.69246,0.03518
7,0.70280,0.02586,0.71256,0.69246,0.02010
8,0.70402,0.02436,0.72060,0.69648,0.02412
9,0.70385,0.02383,0.72261,0.69347,0.02915
10,0.70121,0.02646,0.71156,0.69045,0.02111
11,0.70343,0.02486,0.71658,0.69347,0.02312
12,0.70419,0.02618,0.71457,0.69447,0.02010
13,0.70128,0.02646,0.70955,0.68945,0.02010
14,0.70072,0.02417,0.71156,0.69347,0.01809
15,0.70425,0.02403,0.72261,0.69849,0.02412

Skipping op 1

Test iteration: 5. Op: 0

All Data: 

3,0.72060,0.02200,0.74171,0.70754,0.03417
4,0.71332,0.01847,0.73668,0.69849,0.03819
5,0.70734,0.02254,0.71357,0.69950,0.01407
6,0.70603,0.02419,0.73065,0.68643,0.04422
7,0.70625,0.02568,0.72965,0.69246,0.03719
8,0.70389,0.02149,0.71658,0.68543,0.03116
9,0.70363,0.02583,0.71960,0.69447,0.02513
10,0.70281,0.02293,0.71558,0.68844,0.02714
11,0.70471,0.02428,0.71156,0.69548,0.01608
12,0.70293,0.02266,0.72362,0.69347,0.03015
13,0.70174,0.02642,0.71055,0.69347,0.01709
14,0.70273,0.02349,0.71457,0.69749,0.01709
15,0.70044,0.02488,0.71055,0.68442,0.02613

Skipping op 1

Test iteration: 6. Op: 0

All Data: 

3,0.72462,0.02569,0.72764,0.72261,0.00503
4,0.71935,0.02899,0.74070,0.70352,0.03719
5,0.71035,0.02590,0.72362,0.69347,0.03015
6,0.71240,0.02318,0.72462,0.70050,0.02412
7,0.70696,0.02633,0.71960,0.69045,0.02915
8,0.70590,0.02698,0.71558,0.69447,0.02111
9,0.70664,0.02430,0.73065,0.69447,0.03618
10,0.70422,0.02457,0.71457,0.69146,0.02312
11,0.69776,0.02271,0.70754,0.68342,0.02412
12,0.70553,0.02451,0.71859,0.69548,0.02312
13,0.70282,0.02538,0.72864,0.69447,0.03417
14,0.70488,0.02387,0.72161,0.69849,0.02312
15,0.70278,0.02437,0.72161,0.69447,0.02714

Skipping op 1

Test iteration: 7. Op: 0

All Data: 

3,0.72730,0.02979,0.73065,0.72462,0.00603
4,0.70930,0.02222,0.73065,0.69447,0.03618
5,0.71417,0.02170,0.73467,0.70050,0.03417
6,0.70988,0.02529,0.72864,0.69548,0.03317
7,0.70409,0.02428,0.71558,0.69548,0.02010
8,0.70251,0.02566,0.71859,0.69146,0.02714
9,0.70419,0.02543,0.71457,0.69548,0.01910
10,0.70362,0.02497,0.72261,0.68844,0.03417
11,0.69931,0.02388,0.70955,0.68141,0.02814
12,0.70302,0.02407,0.72362,0.68945,0.03417
13,0.70553,0.02481,0.72161,0.69548,0.02613
14,0.70316,0.02513,0.71457,0.69749,0.01709
15,0.70137,0.02548,0.71457,0.68643,0.02814

Skipping op 1

Test iteration: 8. Op: 0

All Data: 

3,0.72027,0.03005,0.72261,0.71759,0.00503
4,0.71131,0.02618,0.73065,0.69849,0.03216
5,0.71417,0.02872,0.72462,0.70050,0.02412
6,0.70653,0.02431,0.72161,0.68945,0.03216
7,0.70007,0.02779,0.71055,0.69246,0.01809
8,0.70553,0.02388,0.72864,0.69849,0.03015
9,0.70050,0.02430,0.70955,0.69447,0.01508
10,0.70462,0.02602,0.72261,0.69246,0.03015
11,0.70260,0.02506,0.71055,0.69447,0.01608
12,0.70486,0.02399,0.72261,0.69447,0.02814
13,0.70251,0.02412,0.71457,0.69447,0.02010
14,0.70101,0.02529,0.71156,0.69246,0.01910
15,0.70251,0.02472,0.70955,0.69849,0.01106

Skipping op 1

Test iteration: 9. Op: 0

All Data: 

3,0.71089,0.02463,0.72864,0.69950,0.02915
4,0.70653,0.02385,0.71256,0.69246,0.02010
5,0.70854,0.02115,0.72362,0.68543,0.03819
6,0.70637,0.02416,0.72864,0.69146,0.03719
7,0.70567,0.02423,0.72965,0.69447,0.03518
8,0.70490,0.02414,0.71960,0.69347,0.02613
9,0.70274,0.02621,0.71256,0.69749,0.01508
10,0.70261,0.02178,0.71658,0.69347,0.02312
11,0.70416,0.02617,0.71759,0.69749,0.02010
12,0.70226,0.02537,0.71759,0.68945,0.02814
13,0.70012,0.02418,0.71055,0.68543,0.02513
14,0.70373,0.02377,0.72362,0.69447,0.02915
15,0.70305,0.02527,0.72362,0.69146,0.03216

Skipping op 1

Test iteration: 10. Op: 0

All Data: 

3,0.71759,0.02854,0.72764,0.71156,0.01608
4,0.71131,0.02837,0.73065,0.69950,0.03116
5,0.70734,0.02479,0.72161,0.70151,0.02010
6,0.70586,0.02413,0.71457,0.69347,0.02111
7,0.70739,0.02531,0.71960,0.69548,0.02412
8,0.70528,0.02280,0.72563,0.69146,0.03417
9,0.70017,0.02542,0.70854,0.68844,0.02010
10,0.70121,0.02513,0.71457,0.68342,0.03116
11,0.70297,0.02417,0.71859,0.68945,0.02915
12,0.70343,0.02420,0.71759,0.69045,0.02714
13,0.70058,0.02440,0.71156,0.68945,0.02211
14,0.70388,0.02502,0.72362,0.69548,0.02814
15,0.70064,0.02553,0.71156,0.69146,0.02010

Skipping op 1


------ END OF datasets/credit.csv ------ 


--------------- Starting analysis for file: datasets/humanbot.csv

Num features in file: 25
Test iteration: 0. Op: 0

All Data: 

3,0.99947,0.00071,1.00000,0.99840,0.00160
4,0.99787,0.00234,1.00000,0.99255,0.00745
5,0.99894,0.00163,1.00000,0.99681,0.00319
6,0.98502,0.00488,1.00000,0.93245,0.06755
7,0.97568,0.00577,1.00000,0.94202,0.05798
8,0.97586,0.00624,1.00000,0.94043,0.05957
9,0.97677,0.00717,1.00000,0.93351,0.06649
10,0.97420,0.00775,0.99894,0.93191,0.06702
11,0.97302,0.00848,0.99734,0.93191,0.06543
12,0.96627,0.00886,0.99894,0.90319,0.09574
13,0.96702,0.00889,0.99734,0.90319,0.09415
14,0.95258,0.00964,0.99681,0.77234,0.22447
15,0.93741,0.01057,0.99681,0.72447,0.27234

Skipping op 1

Test iteration: 1. Op: 0

All Data: 

3,0.99557,0.00112,1.00000,0.98670,0.01330
4,0.99854,0.00183,1.00000,0.99681,0.00319
5,0.99649,0.00356,0.99787,0.99468,0.00319
6,0.95895,0.00656,1.00000,0.83564,0.16436
7,0.98351,0.00663,0.99734,0.93511,0.06223
8,0.98438,0.00622,0.99947,0.93245,0.06702
9,0.95047,0.00884,1.00000,0.72660,0.27340
10,0.96005,0.00847,0.99840,0.78564,0.21277
11,0.95164,0.00842,0.99894,0.72447,0.27447
12,0.91485,0.01190,0.99628,0.72447,0.27181
13,0.89926,0.01287,1.00000,0.72500,0.27500
14,0.92249,0.01199,0.99840,0.72500,0.27340
15,0.89294,0.01344,0.99734,0.72447,0.27287

Skipping op 1

Test iteration: 2. Op: 0

All Data: 

3,0.99911,0.00137,1.00000,0.99734,0.00266
4,0.99468,0.00364,1.00000,0.98191,0.01809
5,0.97819,0.00615,1.00000,0.92553,0.07447
6,0.98422,0.00600,0.99787,0.93298,0.06489
7,0.98002,0.00605,0.99574,0.93617,0.05957
8,0.98298,0.00664,0.99840,0.93723,0.06117
9,0.94657,0.00920,1.00000,0.72606,0.27394
10,0.95410,0.00860,0.99894,0.77447,0.22447
11,0.96035,0.00820,0.99894,0.85053,0.14840
12,0.93715,0.01067,0.99681,0.72500,0.27181
13,0.91387,0.01148,1.00000,0.72181,0.27819
14,0.86922,0.01518,0.99574,0.72447,0.27128
15,0.86248,0.01545,1.00000,0.72500,0.27500

Skipping op 1

Test iteration: 3. Op: 0

All Data: 

3,0.99876,0.00139,1.00000,0.99681,0.00319
4,0.99322,0.00408,1.00000,0.98351,0.01649
5,0.99149,0.00245,1.00000,0.96809,0.03191
6,0.98555,0.00553,1.00000,0.95266,0.04734
7,0.98245,0.00630,0.99947,0.94043,0.05904
8,0.94375,0.00936,1.00000,0.72606,0.27394
9,0.95816,0.00808,0.99734,0.77447,0.22287
10,0.93144,0.01069,0.99947,0.74681,0.25266
11,0.97123,0.00793,0.99787,0.93085,0.06702
12,0.93364,0.01046,0.99947,0.72447,0.27500
13,0.92091,0.01149,0.99628,0.72447,0.27181
14,0.91957,0.01126,0.99628,0.72181,0.27447
15,0.92216,0.01162,0.99628,0.72447,0.27181

Skipping op 1

Test iteration: 4. Op: 0

All Data: 

3,0.99894,0.00173,1.00000,0.99734,0.00266
4,0.99747,0.00293,1.00000,0.99628,0.00372
5,0.98989,0.00537,0.99947,0.97500,0.02447
6,0.98759,0.00529,0.99787,0.95904,0.03883
7,0.97796,0.00646,0.99947,0.92500,0.07447
8,0.96469,0.00726,1.00000,0.77128,0.22872
9,0.98339,0.00492,0.99787,0.93723,0.06064
10,0.96356,0.00846,0.99681,0.83457,0.16223
11,0.93453,0.00930,1.00000,0.72500,0.27500
12,0.94960,0.00958,0.99787,0.72500,0.27287
13,0.93253,0.01069,0.99628,0.72500,0.27128
14,0.91679,0.01213,0.99787,0.72074,0.27713
15,0.89312,0.01351,0.99628,0.72500,0.27128

Skipping op 1

Test iteration: 5. Op: 0

All Data: 

3,0.99504,0.00164,1.00000,0.98511,0.01489
4,0.99827,0.00193,1.00000,0.99362,0.00638
5,0.99383,0.00440,1.00000,0.97979,0.02021
6,0.97190,0.00646,1.00000,0.93351,0.06649
7,0.95456,0.00713,1.00000,0.72447,0.27553
8,0.97959,0.00673,0.99734,0.95638,0.04096
9,0.94687,0.00787,0.99894,0.77287,0.22606
10,0.95340,0.00850,0.99681,0.72500,0.27181
11,0.93264,0.00974,0.99894,0.72500,0.27394
12,0.91157,0.01230,1.00000,0.72181,0.27819
13,0.88412,0.01380,0.99787,0.72447,0.27340
14,0.92169,0.01155,0.99681,0.72447,0.27234
15,0.91677,0.01190,1.00000,0.72447,0.27553

Skipping op 1

Test iteration: 6. Op: 0

All Data: 

3,0.99965,0.00071,1.00000,0.99947,0.00053
4,0.99814,0.00237,1.00000,0.99681,0.00319
5,0.98426,0.00583,0.99947,0.93457,0.06489
6,0.98085,0.00487,1.00000,0.90372,0.09628
7,0.98526,0.00550,1.00000,0.93191,0.06809
8,0.95552,0.00721,1.00000,0.72500,0.27500
9,0.97902,0.00671,0.99787,0.94096,0.05691
10,0.92452,0.01109,0.99840,0.72181,0.27660
11,0.95750,0.00917,0.99894,0.77287,0.22606
12,0.93209,0.01048,0.99734,0.72500,0.27234
13,0.91076,0.01252,1.00000,0.72447,0.27553
14,0.90342,0.01336,0.99734,0.72128,0.27606
15,0.88727,0.01432,0.99521,0.72447,0.27074

Skipping op 1

Test iteration: 7. Op: 0

All Data: 

3,0.99929,0.00106,1.00000,0.99840,0.00160
4,0.98670,0.00374,1.00000,0.95053,0.04947
5,0.99755,0.00284,0.99947,0.99574,0.00372
6,0.98440,0.00565,1.00000,0.93085,0.06915
7,0.98002,0.00534,1.00000,0.90372,0.09628
8,0.97999,0.00668,0.99787,0.93245,0.06543
9,0.95449,0.00965,0.99840,0.72394,0.27447
10,0.95074,0.00880,0.99947,0.72447,0.27500
11,0.90179,0.01263,0.99628,0.72181,0.27447
12,0.93063,0.01120,1.00000,0.72181,0.27819
13,0.93056,0.01064,0.99947,0.72447,0.27500
14,0.90315,0.01207,0.99628,0.72447,0.27181
15,0.90262,0.01383,0.99628,0.72128,0.27500

Skipping op 1

Test iteration: 8. Op: 0

All Data: 

3,0.99894,0.00173,1.00000,0.99734,0.00266
4,0.98590,0.00406,1.00000,0.95319,0.04681
5,0.98521,0.00488,1.00000,0.94202,0.05798
6,0.99468,0.00395,0.99840,0.98830,0.01011
7,0.94552,0.00775,1.00000,0.77234,0.22766
8,0.98005,0.00688,1.00000,0.93245,0.06755
9,0.95195,0.00816,0.99947,0.72181,0.27766
10,0.92936,0.01055,0.99787,0.72447,0.27340
11,0.95517,0.00934,0.99681,0.72181,0.27500
12,0.89437,0.01332,0.99681,0.72447,0.27234
13,0.93314,0.01088,0.99628,0.72500,0.27128
14,0.90103,0.01281,0.99681,0.72447,0.27234
15,0.89227,0.01397,1.00000,0.72447,0.27553

Skipping op 1

Test iteration: 9. Op: 0

All Data: 

3,1.00000,0.00000,1.00000,1.00000,0.00000
4,0.99934,0.00112,1.00000,0.99894,0.00106
5,0.99362,0.00460,0.99947,0.97872,0.02074
6,0.98706,0.00413,1.00000,0.93298,0.06702
7,0.97082,0.00618,1.00000,0.90532,0.09468
8,0.95439,0.00730,1.00000,0.72500,0.27500
9,0.92630,0.01028,1.00000,0.72500,0.27500
10,0.95005,0.00931,0.99681,0.72181,0.27500
11,0.94768,0.00969,0.99681,0.77287,0.22394
12,0.95443,0.00984,0.99681,0.72500,0.27181
13,0.91551,0.01218,0.99787,0.72447,0.27340
14,0.89966,0.01281,0.99947,0.72500,0.27447
15,0.88915,0.01373,0.99947,0.72447,0.27500

Skipping op 1

Test iteration: 10. Op: 0

All Data: 

3,0.99911,0.00177,1.00000,0.99840,0.00160
4,0.99707,0.00215,1.00000,0.99202,0.00798
5,0.98489,0.00515,1.00000,0.93245,0.06755
6,0.96028,0.00602,1.00000,0.77340,0.22660
7,0.98746,0.00514,0.99947,0.96968,0.02979
8,0.98265,0.00552,0.99947,0.95106,0.04840
9,0.98558,0.00583,0.99787,0.96702,0.03085
10,0.95096,0.00842,1.00000,0.72500,0.27500
11,0.91262,0.01153,1.00000,0.72500,0.27500
12,0.91941,0.01154,0.99734,0.72074,0.27660
13,0.93024,0.01118,0.99840,0.72500,0.27340
14,0.93625,0.01061,0.99628,0.72181,0.27447
15,0.91723,0.01239,0.99894,0.72447,0.27447

Skipping op 1


------ END OF datasets/humanbot.csv ------ 


--------------- Starting analysis for file: datasets/breast_cancer.csv

Num features in file: 10
Test iteration: 0. Op: 0

All Data: 

3,0.93961,0.00867,0.94928,0.93333,0.01594
4,0.93406,0.01412,0.95072,0.91159,0.03913
5,0.91507,0.01292,0.94493,0.86232,0.08261
6,0.89976,0.01529,0.93623,0.86232,0.07391
7,0.89296,0.01263,0.93333,0.86232,0.07101
8,0.88750,0.01362,0.92609,0.86232,0.06377
9,0.87198,0.01402,0.92609,0.76232,0.16377
10,0.85043,0.01575,0.92609,0.65652,0.26957
11,0.85043,0.01575,0.92609,0.65652,0.26957
12,0.85043,0.01575,0.92609,0.65652,0.26957
13,0.85043,0.01575,0.92609,0.65652,0.26957
14,0.85043,0.01575,0.92609,0.65652,0.26957
15,0.85043,0.01575,0.92609,0.65652,0.26957

Skipping op 1

Test iteration: 1. Op: 0

All Data: 

3,0.93237,0.01528,0.94928,0.90580,0.04348
4,0.93659,0.01568,0.94928,0.91739,0.03188
5,0.89652,0.01380,0.95362,0.76377,0.18986
6,0.87899,0.01280,0.93913,0.76232,0.17681
7,0.87805,0.01319,0.93043,0.76232,0.16812
8,0.87337,0.01402,0.93623,0.76232,0.17391
9,0.87198,0.01402,0.92609,0.76232,0.16377
10,0.85043,0.01575,0.92609,0.65652,0.26957
11,0.85043,0.01575,0.92609,0.65652,0.26957
12,0.85043,0.01575,0.92609,0.65652,0.26957
13,0.85043,0.01575,0.92609,0.65652,0.26957
14,0.85043,0.01575,0.92609,0.65652,0.26957
15,0.85043,0.01575,0.92609,0.65652,0.26957

Skipping op 1

Test iteration: 2. Op: 0

All Data: 

3,0.94058,0.01432,0.95507,0.92899,0.02609
4,0.92029,0.01612,0.94928,0.86232,0.08696
5,0.91507,0.01456,0.95362,0.86377,0.08986
6,0.90097,0.01521,0.94638,0.86522,0.08116
7,0.87329,0.01590,0.94928,0.65652,0.29275
8,0.86341,0.01589,0.93478,0.65652,0.27826
9,0.85137,0.01485,0.93333,0.65652,0.27681
10,0.85043,0.01575,0.92609,0.65652,0.26957
11,0.85043,0.01575,0.92609,0.65652,0.26957
12,0.85043,0.01575,0.92609,0.65652,0.26957
13,0.85043,0.01575,0.92609,0.65652,0.26957
14,0.85043,0.01575,0.92609,0.65652,0.26957
15,0.85043,0.01575,0.92609,0.65652,0.26957

Skipping op 1

Test iteration: 3. Op: 0

All Data: 

3,0.93816,0.01234,0.96812,0.90580,0.06232
4,0.92609,0.01117,0.94348,0.89130,0.05217
5,0.91739,0.01590,0.93623,0.86377,0.07246
6,0.90048,0.01258,0.94638,0.87101,0.07536
7,0.85963,0.01767,0.93913,0.65652,0.28261
8,0.85417,0.01635,0.94493,0.65652,0.28841
9,0.84750,0.01720,0.94638,0.65652,0.28986
10,0.85043,0.01575,0.92609,0.65652,0.26957
11,0.85043,0.01575,0.92609,0.65652,0.26957
12,0.85043,0.01575,0.92609,0.65652,0.26957
13,0.85043,0.01575,0.92609,0.65652,0.26957
14,0.85043,0.01575,0.92609,0.65652,0.26957
15,0.85043,0.01575,0.92609,0.65652,0.26957

Skipping op 1

Test iteration: 4. Op: 0

All Data: 

3,0.95362,0.01300,0.95942,0.94928,0.01014
4,0.92645,0.01515,0.94638,0.88261,0.06377
5,0.91420,0.01503,0.94928,0.86377,0.08551
6,0.90821,0.01198,0.92609,0.86522,0.06087
7,0.88944,0.01521,0.93768,0.86232,0.07536
8,0.87572,0.01447,0.93043,0.76232,0.16812
9,0.85233,0.01500,0.92609,0.65652,0.26957
10,0.85043,0.01575,0.92609,0.65652,0.26957
11,0.85043,0.01575,0.92609,0.65652,0.26957
12,0.85043,0.01575,0.92609,0.65652,0.26957
13,0.85043,0.01575,0.92609,0.65652,0.26957
14,0.85043,0.01575,0.92609,0.65652,0.26957
15,0.85043,0.01575,0.92609,0.65652,0.26957

Skipping op 1

Test iteration: 5. Op: 0

All Data: 

3,0.94203,0.00729,0.94348,0.93913,0.00435
4,0.92935,0.00977,0.94928,0.90145,0.04783
5,0.91855,0.01400,0.94928,0.87826,0.07101
6,0.89783,0.01602,0.93768,0.86232,0.07536
7,0.86253,0.01641,0.93043,0.65652,0.27391
8,0.86214,0.01638,0.93623,0.65652,0.27971
9,0.85137,0.01485,0.93333,0.65652,0.27681
10,0.85043,0.01575,0.92609,0.65652,0.26957
11,0.85043,0.01575,0.92609,0.65652,0.26957
12,0.85043,0.01575,0.92609,0.65652,0.26957
13,0.85043,0.01575,0.92609,0.65652,0.26957
14,0.85043,0.01575,0.92609,0.65652,0.26957
15,0.85043,0.01575,0.92609,0.65652,0.26957

Skipping op 1

Test iteration: 6. Op: 0

All Data: 

3,0.94058,0.01092,0.94928,0.93623,0.01304
4,0.92174,0.01591,0.95072,0.86522,0.08551
5,0.91913,0.01630,0.95362,0.87391,0.07971
6,0.89275,0.01418,0.93623,0.76232,0.17391
7,0.85404,0.01787,0.94638,0.65652,0.28986
8,0.85743,0.01600,0.94928,0.65652,0.29275
9,0.85266,0.01589,0.93478,0.65652,0.27826
10,0.85043,0.01575,0.92609,0.65652,0.26957
11,0.85043,0.01575,0.92609,0.65652,0.26957
12,0.85043,0.01575,0.92609,0.65652,0.26957
13,0.85043,0.01575,0.92609,0.65652,0.26957
14,0.85043,0.01575,0.92609,0.65652,0.26957
15,0.85043,0.01575,0.92609,0.65652,0.26957

Skipping op 1

Test iteration: 7. Op: 0

All Data: 

3,0.93913,0.01476,0.95362,0.92609,0.02754
4,0.92681,0.01097,0.94203,0.89275,0.04928
5,0.89594,0.01792,0.94928,0.76377,0.18551
6,0.86594,0.01771,0.94638,0.65652,0.28986
7,0.86770,0.01622,0.94928,0.65652,0.29275
8,0.85779,0.01659,0.93913,0.65652,0.28261
9,0.86103,0.01595,0.92899,0.65652,0.27246
10,0.85043,0.01575,0.92609,0.65652,0.26957
11,0.85043,0.01575,0.92609,0.65652,0.26957
12,0.85043,0.01575,0.92609,0.65652,0.26957
13,0.85043,0.01575,0.92609,0.65652,0.26957
14,0.85043,0.01575,0.92609,0.65652,0.26957
15,0.85043,0.01575,0.92609,0.65652,0.26957

Skipping op 1

Test iteration: 8. Op: 0

All Data: 

3,0.93527,0.00882,0.95362,0.90290,0.05072
4,0.93587,0.00950,0.96522,0.91159,0.05362
5,0.91072,0.01244,0.93768,0.86377,0.07391
6,0.88357,0.01360,0.94638,0.76232,0.18406
7,0.87743,0.01372,0.93913,0.76232,0.17681
8,0.87917,0.01483,0.94928,0.76232,0.18696
9,0.85056,0.01491,0.93913,0.65652,0.28261
10,0.85043,0.01575,0.92609,0.65652,0.26957
11,0.85043,0.01575,0.92609,0.65652,0.26957
12,0.85043,0.01575,0.92609,0.65652,0.26957
13,0.85043,0.01575,0.92609,0.65652,0.26957
14,0.85043,0.01575,0.92609,0.65652,0.26957
15,0.85043,0.01575,0.92609,0.65652,0.26957

Skipping op 1

Test iteration: 9. Op: 0

All Data: 

3,0.93430,0.01202,0.96232,0.90000,0.06232
4,0.92754,0.01002,0.94058,0.91594,0.02464
5,0.92522,0.01427,0.94493,0.88261,0.06232
6,0.86715,0.01897,0.94928,0.65652,0.29275
7,0.86087,0.01712,0.94638,0.65652,0.28986
8,0.86196,0.01577,0.93623,0.65652,0.27971
9,0.84783,0.01728,0.95362,0.65652,0.29710
10,0.85043,0.01575,0.92609,0.65652,0.26957
11,0.85043,0.01575,0.92609,0.65652,0.26957
12,0.85043,0.01575,0.92609,0.65652,0.26957
13,0.85043,0.01575,0.92609,0.65652,0.26957
14,0.85043,0.01575,0.92609,0.65652,0.26957
15,0.85043,0.01575,0.92609,0.65652,0.26957

Skipping op 1

Test iteration: 10. Op: 0

All Data: 

3,0.93575,0.01411,0.96812,0.90000,0.06812
4,0.93442,0.01092,0.94638,0.92609,0.02029
5,0.91333,0.01066,0.93913,0.86957,0.06957
6,0.88671,0.01505,0.94638,0.76377,0.18261
7,0.86439,0.01724,0.93768,0.65652,0.28116
8,0.86540,0.01520,0.93623,0.65652,0.27971
9,0.86232,0.01571,0.92609,0.65652,0.26957
10,0.85043,0.01575,0.92609,0.65652,0.26957
11,0.85043,0.01575,0.92609,0.65652,0.26957
12,0.85043,0.01575,0.92609,0.65652,0.26957
13,0.85043,0.01575,0.92609,0.65652,0.26957
14,0.85043,0.01575,0.92609,0.65652,0.26957
15,0.85043,0.01575,0.92609,0.65652,0.26957

Skipping op 1


------ END OF datasets/breast_cancer.csv ------ 


--------------- Starting analysis for file: datasets/theorem.csv

Num features in file: 51
Test iteration: 0. Op: 0

All Data: 

3,0.66874,0.01000,0.67770,0.65410,0.02361
4,0.65139,0.01312,0.66984,0.63803,0.03180
5,0.64970,0.01178,0.66557,0.62459,0.04098
6,0.63585,0.01378,0.66426,0.58754,0.07672
7,0.62403,0.01332,0.66754,0.57279,0.09475
8,0.61377,0.01600,0.65672,0.56885,0.08787
9,0.61424,0.01526,0.65803,0.57344,0.08459
10,0.60282,0.01458,0.64557,0.57115,0.07443
11,0.59547,0.01516,0.64787,0.56525,0.08262
12,0.60243,0.01398,0.65541,0.56721,0.08820
13,0.59773,0.01756,0.65115,0.57049,0.08066
14,0.59389,0.01611,0.65115,0.56689,0.08426
15,0.59128,0.01327,0.65016,0.56492,0.08525

Skipping op 1

Test iteration: 1. Op: 0

All Data: 

3,0.66699,0.01017,0.68262,0.65672,0.02590
4,0.65582,0.01018,0.66230,0.64918,0.01311
5,0.61023,0.01638,0.65115,0.56852,0.08262
6,0.63907,0.01049,0.66590,0.58000,0.08590
7,0.60796,0.01469,0.65311,0.57246,0.08066
8,0.60975,0.01621,0.65869,0.56426,0.09443
9,0.60856,0.01541,0.64918,0.56131,0.08787
10,0.59095,0.01335,0.64164,0.56984,0.07180
11,0.60200,0.01493,0.66098,0.57475,0.08623
12,0.60068,0.01458,0.65311,0.56656,0.08656
13,0.59256,0.01587,0.65902,0.55148,0.10754
14,0.59255,0.01426,0.65311,0.56230,0.09082
15,0.59198,0.01437,0.64754,0.57213,0.07541

Skipping op 1

Test iteration: 2. Op: 0

All Data: 

3,0.66066,0.01553,0.67607,0.65016,0.02590
4,0.63984,0.01172,0.66426,0.60820,0.05607
5,0.64492,0.01166,0.66393,0.62525,0.03869
6,0.61754,0.01387,0.64623,0.58361,0.06262
7,0.60913,0.01797,0.65738,0.57311,0.08426
8,0.59824,0.01731,0.64459,0.57574,0.06885
9,0.61086,0.01549,0.65246,0.57246,0.08000
10,0.60403,0.01673,0.64393,0.57508,0.06885
11,0.59651,0.01508,0.65016,0.55836,0.09180
12,0.59997,0.01553,0.64885,0.56623,0.08262
13,0.60545,0.01499,0.65443,0.57574,0.07869
14,0.59012,0.01544,0.65475,0.56426,0.09049
15,0.59832,0.01505,0.64885,0.56492,0.08393

Skipping op 1

Test iteration: 3. Op: 0

All Data: 

3,0.66820,0.01524,0.67344,0.65836,0.01508
4,0.61566,0.01936,0.64033,0.57967,0.06066
5,0.62262,0.01416,0.67311,0.58590,0.08721
6,0.62650,0.01409,0.66525,0.57049,0.09475
7,0.61293,0.01400,0.65902,0.56754,0.09148
8,0.60082,0.01486,0.65902,0.56885,0.09016
9,0.60273,0.01289,0.64525,0.55902,0.08623
10,0.58918,0.01575,0.64328,0.57639,0.06689
11,0.59782,0.01453,0.65672,0.56754,0.08918
12,0.60096,0.01555,0.66393,0.56951,0.09443
13,0.59660,0.01463,0.65672,0.56852,0.08820
14,0.58867,0.01555,0.65246,0.55869,0.09377
15,0.59056,0.01588,0.64689,0.56754,0.07934

Skipping op 1

Test iteration: 4. Op: 0

All Data: 

3,0.67519,0.01308,0.68492,0.66852,0.01639
4,0.66107,0.01230,0.66787,0.65344,0.01443
5,0.64702,0.01345,0.67082,0.61541,0.05541
6,0.63115,0.01331,0.66984,0.58197,0.08787
7,0.59902,0.01589,0.65311,0.57607,0.07705
8,0.60590,0.01462,0.66590,0.57082,0.09508
9,0.60852,0.01496,0.65803,0.57770,0.08033
10,0.60820,0.01336,0.65934,0.56689,0.09246
11,0.60587,0.01386,0.65541,0.57410,0.08131
12,0.59732,0.01538,0.64918,0.57049,0.07869
13,0.59082,0.01719,0.65672,0.56295,0.09377
14,0.59319,0.01489,0.65082,0.56557,0.08525
15,0.59941,0.01531,0.65049,0.57639,0.07410

Skipping op 1

Test iteration: 5. Op: 0

All Data: 

3,0.66514,0.00966,0.67705,0.65148,0.02557
4,0.63467,0.01187,0.65967,0.61049,0.04918
5,0.63757,0.01330,0.66230,0.58230,0.08000
6,0.61290,0.01624,0.66689,0.57902,0.08787
7,0.60810,0.01551,0.66295,0.55803,0.10492
8,0.60676,0.01148,0.65803,0.56000,0.09803
9,0.60106,0.01534,0.66098,0.56164,0.09934
10,0.59328,0.01385,0.65738,0.56459,0.09279
11,0.60745,0.01441,0.64754,0.57279,0.07475
12,0.59672,0.01485,0.65377,0.56590,0.08787
13,0.59672,0.01625,0.65082,0.57639,0.07443
14,0.59649,0.01486,0.65639,0.56590,0.09049
15,0.59224,0.01512,0.66000,0.56754,0.09246

Skipping op 1

Test iteration: 6. Op: 0

All Data: 

3,0.66852,0.01370,0.68820,0.64393,0.04426
4,0.64189,0.01418,0.67607,0.57738,0.09869
5,0.64433,0.01394,0.68721,0.58262,0.10459
6,0.63891,0.01401,0.67836,0.58590,0.09246
7,0.62066,0.01285,0.65344,0.58066,0.07279
8,0.61037,0.01668,0.65574,0.57967,0.07607
9,0.59271,0.01634,0.65016,0.56754,0.08262
10,0.59797,0.01444,0.65705,0.55705,0.10000
11,0.59607,0.01459,0.65475,0.56787,0.08689
12,0.60434,0.01480,0.65443,0.57443,0.08000
13,0.59909,0.01345,0.65115,0.56787,0.08328
14,0.59438,0.01460,0.64787,0.56557,0.08230
15,0.59025,0.01400,0.65213,0.56623,0.08590

Skipping op 1

Test iteration: 7. Op: 0

All Data: 

3,0.66503,0.01244,0.67902,0.65705,0.02197
4,0.62615,0.01126,0.63443,0.60361,0.03082
5,0.63174,0.01358,0.66262,0.58820,0.07443
6,0.62366,0.01343,0.65377,0.59508,0.05869
7,0.62262,0.01506,0.66164,0.57770,0.08393
8,0.60225,0.01311,0.64262,0.55869,0.08393
9,0.60587,0.01641,0.65410,0.56918,0.08492
10,0.60377,0.01470,0.65967,0.56689,0.09279
11,0.59684,0.01529,0.65869,0.56918,0.08951
12,0.59366,0.01320,0.64820,0.56754,0.08066
13,0.59334,0.01596,0.65246,0.56590,0.08656
14,0.59581,0.01474,0.64951,0.56754,0.08197
15,0.59143,0.01594,0.65180,0.56820,0.08361

Skipping op 1

Test iteration: 8. Op: 0

All Data: 

3,0.66743,0.01355,0.68164,0.65836,0.02328
4,0.65467,0.01344,0.66328,0.64885,0.01443
5,0.63305,0.01218,0.67180,0.58820,0.08361
6,0.61098,0.01473,0.66656,0.54951,0.11705
7,0.61588,0.01389,0.66361,0.57967,0.08393
8,0.61369,0.01549,0.65279,0.57180,0.08098
9,0.60077,0.01662,0.66984,0.56557,0.10426
10,0.60459,0.01387,0.64984,0.56787,0.08197
11,0.59255,0.01413,0.64623,0.56098,0.08525
12,0.59656,0.01285,0.64492,0.55902,0.08590
13,0.59755,0.01551,0.64852,0.57148,0.07705
14,0.59382,0.01611,0.64262,0.56557,0.07705
15,0.59685,0.01568,0.65049,0.56754,0.08295

Skipping op 1

Test iteration: 9. Op: 0

All Data: 

3,0.66448,0.01117,0.67607,0.65672,0.01934
4,0.64148,0.01614,0.67508,0.59180,0.08328
5,0.62197,0.01373,0.66459,0.58295,0.08164
6,0.62978,0.01306,0.66131,0.57115,0.09016
7,0.59813,0.01717,0.65311,0.55705,0.09607
8,0.60057,0.01389,0.65148,0.56689,0.08459
9,0.60678,0.01342,0.65639,0.56885,0.08754
10,0.60105,0.01447,0.64557,0.57672,0.06885
11,0.59893,0.01402,0.65016,0.56197,0.08820
12,0.59615,0.01581,0.65803,0.56230,0.09574
13,0.60169,0.01532,0.67607,0.56984,0.10623
14,0.58571,0.01569,0.64951,0.55180,0.09770
15,0.59242,0.01567,0.64656,0.57344,0.07311

Skipping op 1

Test iteration: 10. Op: 0

All Data: 

3,0.66022,0.01407,0.66689,0.65049,0.01639
4,0.65828,0.01292,0.66295,0.64918,0.01377
5,0.62446,0.01340,0.66164,0.57639,0.08525
6,0.62765,0.01473,0.66230,0.57902,0.08328
7,0.61953,0.01151,0.65508,0.58066,0.07443
8,0.61672,0.01596,0.65672,0.56590,0.09082
9,0.60397,0.01538,0.65541,0.55508,0.10033
10,0.60213,0.01409,0.64918,0.55475,0.09443
11,0.60247,0.01360,0.65377,0.57377,0.08000
12,0.59735,0.01562,0.66393,0.56951,0.09443
13,0.59962,0.01575,0.65180,0.56885,0.08295
14,0.59297,0.01306,0.64951,0.56131,0.08820
15,0.59287,0.01548,0.64885,0.56328,0.08557

Skipping op 1


------ END OF datasets/theorem.csv ------ 


--------------- Starting analysis for file: datasets/spambase.csv

Num features in file: 57
Test iteration: 0. Op: 0

All Data: 

3,0.82691,0.01005,0.84918,0.80805,0.04113
4,0.80734,0.00886,0.81872,0.79956,0.01915
5,0.78303,0.01132,0.80849,0.74538,0.06311
6,0.76765,0.01131,0.79913,0.74211,0.05702
7,0.75166,0.01193,0.78585,0.71708,0.06877
8,0.74478,0.01012,0.78455,0.71491,0.06964
9,0.73183,0.01154,0.78781,0.69336,0.09445
10,0.72490,0.01131,0.76953,0.68662,0.08292
11,0.71105,0.01138,0.76888,0.67595,0.09293
12,0.71221,0.01118,0.77410,0.67116,0.10294
13,0.69669,0.01123,0.76692,0.60588,0.16104
14,0.68960,0.01111,0.76953,0.60588,0.16366
15,0.68982,0.01086,0.76257,0.60588,0.15669

Skipping op 1

Test iteration: 1. Op: 0

All Data: 

3,0.82263,0.01055,0.83460,0.80871,0.02590
4,0.79450,0.00869,0.84396,0.74603,0.09793
5,0.77867,0.00991,0.80827,0.71034,0.09793
6,0.75948,0.01064,0.81741,0.70968,0.10773
7,0.75047,0.01064,0.76779,0.73101,0.03678
8,0.73275,0.01237,0.82720,0.66659,0.16061
9,0.71970,0.01340,0.76714,0.61719,0.14995
10,0.71325,0.01031,0.77824,0.61328,0.16496
11,0.70602,0.01006,0.76561,0.62851,0.13711
12,0.69498,0.00968,0.80413,0.60588,0.19826
13,0.70096,0.01138,0.78085,0.62372,0.15713
14,0.69535,0.01014,0.76257,0.64135,0.12122
15,0.68772,0.00975,0.76844,0.60871,0.15974

Skipping op 1

Test iteration: 2. Op: 0

All Data: 

3,0.82184,0.00851,0.83983,0.78672,0.05310
4,0.79472,0.00814,0.86224,0.74211,0.12013
5,0.78686,0.00966,0.81284,0.74146,0.07138
6,0.75771,0.01148,0.80131,0.71534,0.08596
7,0.75762,0.00922,0.80740,0.70686,0.10054
8,0.74004,0.00946,0.79869,0.67878,0.11991
9,0.72504,0.01026,0.79891,0.67399,0.12492
10,0.71153,0.00944,0.78128,0.60871,0.17258
11,0.71483,0.01147,0.77062,0.61502,0.15560
12,0.70316,0.01114,0.79129,0.64918,0.14211
13,0.68471,0.01046,0.76170,0.60588,0.15582
14,0.69521,0.00959,0.79826,0.64483,0.15343
15,0.68106,0.00915,0.78847,0.60653,0.18194

Skipping op 1

Test iteration: 3. Op: 0

All Data: 

3,0.82590,0.01153,0.82938,0.82176,0.00762
4,0.80930,0.01046,0.82024,0.80044,0.01980
5,0.77771,0.01086,0.81197,0.73928,0.07269
6,0.76841,0.01097,0.78716,0.73993,0.04723
7,0.75054,0.01292,0.79826,0.71600,0.08226
8,0.74513,0.01062,0.78890,0.65745,0.13145
9,0.72214,0.01031,0.77323,0.60588,0.16736
10,0.71206,0.01088,0.77476,0.60588,0.16888
11,0.70033,0.01166,0.77193,0.62938,0.14255
12,0.70890,0.00975,0.76300,0.65114,0.11186
13,0.69673,0.00989,0.81480,0.60588,0.20892
14,0.69019,0.01053,0.77018,0.60805,0.16213
15,0.68686,0.01160,0.77519,0.60871,0.16649

Skipping op 1

Test iteration: 4. Op: 0

All Data: 

3,0.83119,0.01038,0.83852,0.82742,0.01110
4,0.79820,0.00959,0.82851,0.76649,0.06202
5,0.77859,0.01285,0.80979,0.75408,0.05571
6,0.76402,0.01070,0.78868,0.73166,0.05702
7,0.74025,0.01135,0.80065,0.65245,0.14820
8,0.74138,0.01070,0.80522,0.70598,0.09924
9,0.73094,0.01215,0.77193,0.66746,0.10446
10,0.72091,0.00972,0.76235,0.66964,0.09271
11,0.70887,0.01241,0.76083,0.62046,0.14037
12,0.70129,0.01157,0.77693,0.62546,0.15147
13,0.69011,0.01080,0.77867,0.60588,0.17280
14,0.69033,0.01043,0.75756,0.60588,0.15169
15,0.68676,0.01030,0.78194,0.60588,0.17606

Skipping op 1

Test iteration: 5. Op: 0

All Data: 

3,0.83750,0.01307,0.84723,0.83177,0.01545
4,0.79690,0.01150,0.82873,0.75473,0.07399
5,0.78298,0.01033,0.80696,0.75756,0.04940
6,0.76630,0.01053,0.81240,0.70860,0.10381
7,0.75461,0.01122,0.80479,0.73014,0.07465
8,0.73719,0.01189,0.77933,0.67356,0.10577
9,0.72344,0.01047,0.77301,0.64853,0.12448
10,0.72072,0.01118,0.77062,0.68313,0.08749
11,0.70288,0.01082,0.79652,0.61393,0.18259
12,0.69661,0.01055,0.80131,0.60588,0.19543
13,0.69139,0.01004,0.78281,0.60631,0.17650
14,0.69007,0.00989,0.78107,0.60588,0.17519
15,0.68451,0.01006,0.75626,0.60892,0.14733

Skipping op 1

Test iteration: 6. Op: 0

All Data: 

3,0.82162,0.01058,0.85223,0.80218,0.05005
4,0.80229,0.00932,0.81806,0.78716,0.03090
5,0.78825,0.01224,0.81806,0.74363,0.07443
6,0.75919,0.00902,0.80914,0.71861,0.09053
7,0.74597,0.00811,0.79238,0.68640,0.10598
8,0.74097,0.01080,0.78237,0.70729,0.07508
9,0.72497,0.00926,0.78128,0.67160,0.10968
10,0.72370,0.01016,0.79238,0.65288,0.13950
11,0.70834,0.01029,0.76975,0.61676,0.15299
12,0.69744,0.00995,0.77497,0.60588,0.16910
13,0.69549,0.01099,0.80000,0.61306,0.18694
14,0.68565,0.01022,0.78847,0.61980,0.16866
15,0.67795,0.01058,0.75365,0.60544,0.14820

Skipping op 1

Test iteration: 7. Op: 0

All Data: 

3,0.82967,0.01393,0.84701,0.79935,0.04766
4,0.79505,0.00983,0.83308,0.74494,0.08814
5,0.78263,0.00996,0.82829,0.73297,0.09532
6,0.74610,0.01260,0.83069,0.65528,0.17541
7,0.74855,0.01069,0.80283,0.70511,0.09771
8,0.73692,0.01079,0.78542,0.65158,0.13384
9,0.72361,0.01074,0.78041,0.67182,0.10860
10,0.71689,0.01106,0.77780,0.60588,0.17193
11,0.70921,0.01114,0.80457,0.63634,0.16823
12,0.68633,0.00871,0.77497,0.60588,0.16910
13,0.69763,0.01082,0.77998,0.60871,0.17127
14,0.69070,0.01162,0.78085,0.61219,0.16866
15,0.68287,0.01026,0.77236,0.60588,0.16649

Skipping op 1

Test iteration: 8. Op: 0

All Data: 

3,0.83156,0.00872,0.84418,0.81175,0.03243
4,0.79657,0.00829,0.81110,0.78520,0.02590
5,0.77471,0.01219,0.81284,0.70316,0.10968
6,0.76522,0.01096,0.80348,0.72187,0.08161
7,0.74820,0.00973,0.81850,0.67813,0.14037
8,0.73999,0.01106,0.78477,0.69946,0.08531
9,0.73077,0.01133,0.78237,0.63351,0.14886
10,0.71848,0.01045,0.78303,0.66703,0.11600
11,0.69388,0.01241,0.78281,0.59064,0.19217
12,0.70629,0.01093,0.78390,0.65506,0.12884
13,0.69331,0.01200,0.77388,0.63787,0.13602
14,0.68528,0.00996,0.80152,0.60588,0.19565
15,0.68173,0.00975,0.80566,0.60588,0.19978

Skipping op 1

Test iteration: 9. Op: 0

All Data: 

3,0.82786,0.01056,0.84287,0.81676,0.02612
4,0.79674,0.00944,0.82916,0.75147,0.07769
5,0.77358,0.01220,0.81219,0.70555,0.10664
6,0.76395,0.01097,0.80805,0.71534,0.09271
7,0.75187,0.01088,0.80479,0.71970,0.08509
8,0.72723,0.01062,0.79695,0.60588,0.19108
9,0.73280,0.01222,0.79086,0.66942,0.12144
10,0.70947,0.01075,0.79108,0.61132,0.17976
11,0.70632,0.01066,0.77954,0.65310,0.12644
12,0.69958,0.01103,0.77258,0.62089,0.15169
13,0.69494,0.01201,0.80326,0.60588,0.19739
14,0.69248,0.01035,0.77410,0.61654,0.15756
15,0.67639,0.01052,0.78542,0.60588,0.17954

Skipping op 1

Test iteration: 10. Op: 0

All Data: 

3,0.82807,0.01427,0.86202,0.80827,0.05375
4,0.79652,0.00839,0.82503,0.76039,0.06464
5,0.77972,0.01279,0.82546,0.73406,0.09140
6,0.76834,0.01117,0.81023,0.73580,0.07443
7,0.74995,0.00959,0.80958,0.70141,0.10816
8,0.71956,0.01066,0.80675,0.63634,0.17040
9,0.71982,0.01240,0.77650,0.60588,0.17062
10,0.72074,0.01258,0.79891,0.68030,0.11861
11,0.70050,0.00942,0.77106,0.62329,0.14777
12,0.70497,0.01277,0.77933,0.64614,0.13319
13,0.69859,0.01063,0.77758,0.60588,0.17171
14,0.69032,0.01059,0.75909,0.60588,0.15321
15,0.69152,0.01080,0.75800,0.62677,0.13123

Skipping op 1


------ END OF datasets/spambase.csv ------ 


--------------- Starting analysis for file: datasets/qsar.csv

Num features in file: 41
Test iteration: 0. Op: 0

All Data: 

3,0.81302,0.02034,0.81905,0.80571,0.01333
4,0.79643,0.02078,0.83619,0.76571,0.07048
5,0.76705,0.02177,0.77333,0.75143,0.02190
6,0.76095,0.02262,0.79048,0.71333,0.07714
7,0.75850,0.02609,0.79810,0.72381,0.07429
8,0.73452,0.02526,0.79524,0.64762,0.14762
9,0.73217,0.02501,0.79714,0.68095,0.11619
10,0.71419,0.02538,0.74571,0.67143,0.07429
11,0.71411,0.02397,0.76571,0.68286,0.08286
12,0.70524,0.02411,0.78190,0.65238,0.12952
13,0.69736,0.02641,0.74381,0.66286,0.08095
14,0.69565,0.02879,0.74286,0.64762,0.09524
15,0.69492,0.02627,0.76476,0.65619,0.10857

Skipping op 1

Test iteration: 1. Op: 0

All Data: 

3,0.80508,0.02658,0.82381,0.79333,0.03048
4,0.78571,0.02039,0.82381,0.75714,0.06667
5,0.77143,0.02235,0.82000,0.71905,0.10095
6,0.76159,0.02345,0.79905,0.73048,0.06857
7,0.74068,0.02216,0.76667,0.67048,0.09619
8,0.72929,0.02191,0.76286,0.66667,0.09619
9,0.70138,0.02546,0.76762,0.65810,0.10952
10,0.70638,0.02473,0.76190,0.63905,0.12286
11,0.69203,0.02672,0.72762,0.65619,0.07143
12,0.69849,0.02515,0.77048,0.63524,0.13524
13,0.70549,0.02593,0.76857,0.65810,0.11048
14,0.69585,0.02761,0.76000,0.65714,0.10286
15,0.69143,0.02488,0.74857,0.64667,0.10190

Skipping op 1

Test iteration: 2. Op: 0

All Data: 

3,0.79270,0.02612,0.82762,0.74667,0.08095
4,0.78095,0.02395,0.79810,0.75810,0.04000
5,0.75276,0.02413,0.80000,0.72000,0.08000
6,0.72905,0.02944,0.77524,0.67714,0.09810
7,0.73551,0.02104,0.78381,0.66381,0.12000
8,0.71655,0.02146,0.76286,0.66381,0.09905
9,0.71820,0.02669,0.78000,0.65714,0.12286
10,0.69533,0.02831,0.73333,0.64952,0.08381
11,0.71654,0.02527,0.78857,0.65143,0.13714
12,0.69381,0.02841,0.77143,0.64762,0.12381
13,0.70271,0.02434,0.74762,0.66381,0.08381
14,0.69551,0.02653,0.76762,0.65143,0.11619
15,0.68102,0.02936,0.74095,0.64762,0.09333

Skipping op 1

Test iteration: 3. Op: 0

All Data: 

3,0.79714,0.02424,0.83619,0.75238,0.08381
4,0.77905,0.01774,0.80857,0.75238,0.05619
5,0.76781,0.02377,0.80000,0.71143,0.08857
6,0.74762,0.02263,0.78286,0.67048,0.11238
7,0.75034,0.02062,0.79048,0.73048,0.06000
8,0.71679,0.02165,0.75810,0.64857,0.10952
9,0.71788,0.02682,0.80381,0.65238,0.15143
10,0.70038,0.02836,0.75524,0.64857,0.10667
11,0.70779,0.02884,0.77238,0.65810,0.11429
12,0.69984,0.02498,0.77048,0.64571,0.12476
13,0.68667,0.02995,0.75238,0.64381,0.10857
14,0.69537,0.02458,0.74762,0.66000,0.08762
15,0.69492,0.02573,0.76571,0.65238,0.11333

Skipping op 1

Test iteration: 4. Op: 0

All Data: 

3,0.80000,0.02204,0.80381,0.79524,0.00857
4,0.80048,0.02105,0.82286,0.76381,0.05905
5,0.76171,0.02375,0.79714,0.71905,0.07810
6,0.75905,0.01775,0.80000,0.73238,0.06762
7,0.75850,0.02060,0.77143,0.73810,0.03333
8,0.73905,0.02835,0.76667,0.66667,0.10000
9,0.70847,0.02614,0.78952,0.66381,0.12571
10,0.71629,0.02877,0.79143,0.65905,0.13238
11,0.70242,0.02436,0.76857,0.65429,0.11429
12,0.70008,0.02308,0.74286,0.64952,0.09333
13,0.68410,0.02666,0.72952,0.64762,0.08190
14,0.69898,0.02546,0.74381,0.64762,0.09619
15,0.69060,0.02531,0.75714,0.64762,0.10952

Skipping op 1

Test iteration: 5. Op: 0

All Data: 

3,0.78508,0.02263,0.80381,0.75619,0.04762
4,0.78810,0.01880,0.80476,0.76667,0.03810
5,0.76971,0.02034,0.81810,0.73714,0.08095
6,0.73825,0.02260,0.77143,0.69048,0.08095
7,0.74653,0.02394,0.77714,0.69333,0.08381
8,0.73012,0.02567,0.78381,0.66762,0.11619
9,0.70783,0.02767,0.76000,0.64571,0.11429
10,0.71724,0.02603,0.74476,0.67619,0.06857
11,0.70623,0.02524,0.79619,0.65905,0.13714
12,0.69643,0.02721,0.76000,0.65524,0.10476
13,0.68960,0.02411,0.75429,0.65524,0.09905
14,0.69537,0.02537,0.73143,0.66190,0.06952
15,0.68870,0.02660,0.73333,0.64095,0.09238

Skipping op 1

Test iteration: 6. Op: 0

All Data: 

3,0.82032,0.02243,0.84381,0.79238,0.05143
4,0.77286,0.02192,0.82095,0.70000,0.12095
5,0.76914,0.02150,0.80857,0.73238,0.07619
6,0.74111,0.02511,0.77810,0.64762,0.13048
7,0.73878,0.02640,0.81619,0.67714,0.13905
8,0.71952,0.02392,0.77429,0.66476,0.10952
9,0.72910,0.02633,0.78000,0.64476,0.13524
10,0.72257,0.02660,0.76381,0.66381,0.10000
11,0.70736,0.02546,0.75905,0.65714,0.10190
12,0.70048,0.02533,0.75810,0.64571,0.11238
13,0.69963,0.02791,0.77238,0.65143,0.12095
14,0.69054,0.02709,0.75905,0.65333,0.10571
15,0.68965,0.02834,0.75905,0.63905,0.12000

Skipping op 1

Test iteration: 7. Op: 0

All Data: 

3,0.79873,0.01976,0.81905,0.78667,0.03238
4,0.79571,0.01587,0.83429,0.77714,0.05714
5,0.78286,0.02229,0.80476,0.76000,0.04476
6,0.75937,0.02346,0.78762,0.70381,0.08381
7,0.73388,0.02727,0.78000,0.66095,0.11905
8,0.72857,0.02430,0.76000,0.65143,0.10857
9,0.72116,0.02571,0.76571,0.63143,0.13429
10,0.70286,0.02761,0.75810,0.63905,0.11905
11,0.69879,0.02656,0.75810,0.64476,0.11333
12,0.69984,0.02600,0.77619,0.65143,0.12476
13,0.70220,0.02683,0.76000,0.65333,0.10667
14,0.68660,0.02596,0.74000,0.64000,0.10000
15,0.68743,0.02797,0.75524,0.65810,0.09714

Skipping op 1

Test iteration: 8. Op: 0

All Data: 

3,0.79905,0.02330,0.82571,0.78095,0.04476
4,0.78452,0.02657,0.83143,0.71714,0.11429
5,0.76876,0.02177,0.79714,0.75048,0.04667
6,0.75714,0.02951,0.80762,0.68952,0.11810
7,0.74694,0.02477,0.78286,0.67429,0.10857
8,0.73381,0.02496,0.79714,0.65143,0.14571
9,0.72339,0.02170,0.78286,0.67333,0.10952
10,0.71695,0.02438,0.76571,0.65048,0.11524
11,0.71117,0.02399,0.81905,0.66381,0.15524
12,0.69778,0.02484,0.77619,0.63810,0.13810
13,0.69934,0.02479,0.76190,0.65143,0.11048
14,0.69599,0.02517,0.75238,0.64857,0.10381
15,0.69860,0.02587,0.75048,0.64667,0.10381

Skipping op 1

Test iteration: 9. Op: 0

All Data: 

3,0.80032,0.02119,0.82286,0.78762,0.03524
4,0.79310,0.02054,0.82381,0.77143,0.05238
5,0.77352,0.02154,0.78381,0.76000,0.02381
6,0.73381,0.02884,0.77333,0.68952,0.08381
7,0.73850,0.02189,0.77810,0.67524,0.10286
8,0.72202,0.02567,0.77048,0.68190,0.08857
9,0.71831,0.02172,0.76857,0.64762,0.12095
10,0.71257,0.02717,0.76000,0.64381,0.11619
11,0.70823,0.02672,0.78286,0.64095,0.14190
12,0.69373,0.02898,0.74952,0.65048,0.09905
13,0.69209,0.02491,0.76857,0.64857,0.12000
14,0.69578,0.02411,0.76762,0.64381,0.12381
15,0.68559,0.02652,0.73524,0.64857,0.08667

Skipping op 1

Test iteration: 10. Op: 0

All Data: 

3,0.79048,0.02165,0.83143,0.75810,0.07333
4,0.78333,0.02399,0.79810,0.76857,0.02952
5,0.75010,0.02507,0.77714,0.65905,0.11810
6,0.74730,0.02378,0.80476,0.70571,0.09905
7,0.74299,0.02214,0.78286,0.67619,0.10667
8,0.72845,0.02644,0.78286,0.65524,0.12762
9,0.72381,0.03091,0.77810,0.66286,0.11524
10,0.71200,0.02304,0.76571,0.64667,0.11905
11,0.70710,0.02481,0.76381,0.65619,0.10762
12,0.70262,0.02483,0.79238,0.65333,0.13905
13,0.69128,0.02507,0.73048,0.65619,0.07429
14,0.68667,0.02710,0.73429,0.65714,0.07714
15,0.69295,0.02760,0.75143,0.64857,0.10286

Skipping op 1


------ END OF datasets/qsar.csv ------ 


Total SVMs: 50655

