
 *** *** *** *** NEW FILE OPEN *** *** *** *** 


--------------- Starting analysis for file: datasets/kdd10_2


 *** *** *** *** NEW FILE OPEN *** *** *** *** 


--------------- Starting analysis for file: datasets/kdd10_2


 *** *** *** *** NEW FILE OPEN *** *** *** *** 


--------------- Starting analysis for file: datasets/kdd10_2_2.csv


 *** *** *** *** NEW FILE OPEN *** *** *** *** 


--------------- Starting analysis for file: datasets/kdd10_2_2.csv

Num features in file: 39

Test iteration: 0


yx: [(859690.73459045927, 11), (575492.37092142575, 20), (249651.91429866201, 29), (221239.5327163992, 21), (214963.14020030797, 3), (139564.84200663574, 33), (103141.73475563368, 1), (89315.173064683084, 2), (76540.039743877147, 28), (34126.247879354436, 26), (26479.901807907463, 36), (26404.647175786686, 22), (26275.333027976692, 35), (26265.444108779942, 23), (23532.21524541793, 34), (7136.1408784635023, 0), (7105.5540998596161, 31), (7094.4840785297965, 32), (2488.7033743681445, 30), (1498.6402822478813, 18), (726.52400566919812, 5), (542.2307982161617, 19), (253.37625374288675, 7), (178.31221948476403, 16), (174.70779859059186, 17), (110.47879543300083, 27), (74.405586785643564, 13), (63.882875658291077, 15), (38.810472385617985, 14), (25.102748259044898, 9), (14.017015723272719, 12), (13.126292398495275, 6), (5.6397421975320245, 8), (4.9197378982557805, 38), (4.7974769892427398, 24), (4.7215838138917272, 25), (3.8081941023847272, 10), (0.41032775533696475, 37), (0.39208729823862598, 4)]


----- SVM_LINEAR Op: 0 --

Attribute list: {0: [11, 20, 29, 21, 3, 33, 1, 2, 28, 26, 36, 22, 35, 23, 34, 0, 31, 32, 30, 18, 5, 19, 7, 16, 17, 27, 13, 15, 14, 9, 12, 6, 8, 38, 24, 25, 10, 37, 4]}

 *** *** *** *** NEW FILE OPEN *** *** *** *** 


--------------- Starting analysis for file: datasets/kdd10_2_2.csv


 *** *** *** *** NEW FILE OPEN *** *** *** *** 


--------------- Starting analysis for file: datasets/kdd10_2_2.csv

Num features in file: 39

Test iteration: 0


yx: [(859690.73459045927, 11), (575492.37092132075, 20), (249651.91429868632, 29), (221239.53271641111, 21), (214963.14020030797, 3), (139564.84200663623, 33), (103141.73475563368, 1), (89315.173064683084, 2), (76540.039743878253, 28), (34126.247879356721, 26), (26479.901807907481, 36), (26404.647175786788, 22), (26275.333027976696, 35), (26265.444108779953, 23), (23532.215245418149, 34), (7136.1408784634359, 0), (7105.5540998597116, 31), (7094.4840785301367, 32), (2488.7033743677689, 30), (1498.6402822478813, 18), (726.52400566918743, 5), (542.2307982161617, 19), (253.37625374288726, 7), (178.31221948476394, 16), (174.70779859059186, 17), (110.47879543303239, 27), (74.405586785643564, 13), (63.882875658291091, 15), (38.810472385617985, 14), (25.102748259044908, 9), (14.017015723272747, 12), (13.126292398495275, 6), (5.6397421975320245, 8), (4.9197378982601307, 38), (4.7974769892427505, 24), (4.7215838138959985, 25), (3.8081941023847272, 10), (0.41032775533696558, 37), (0.39208729824394639, 4)]


----- SVM_LINEAR Op: 0 --

Attribute list: {0: [11, 20, 29, 21, 3, 33, 1, 2, 28, 26, 36, 22, 35, 23, 34, 0, 31, 32, 30, 18, 5, 19, 7, 16, 17, 27, 13, 15, 14, 9, 12, 6, 8, 38, 24, 25, 10, 37, 4]}
Attribute list: {0: [11, 29, 3, 1, 28, 36, 35, 34, 31, 30, 5, 7, 17, 13, 14, 12, 8, 24, 10, 4], 1: [20, 21, 33, 2, 26, 22, 23, 0, 32, 18, 19, 16, 27, 15, 9, 6, 38, 25, 37]}
Attribute list: {0: [11, 21, 1, 26, 35, 0, 30, 19, 17, 15, 12, 38, 10], 1: [20, 3, 2, 36, 23, 31, 18, 7, 27, 14, 6, 24, 37], 2: [29, 33, 28, 22, 34, 32, 5, 16, 13, 9, 8, 25, 4]}
Attribute list: {0: [11, 3, 28, 35, 31, 5, 17, 14, 8, 10], 1: [20, 33, 26, 23, 32, 19, 27, 9, 38, 37], 2: [29, 1, 36, 34, 30, 7, 13, 12, 24, 4], 3: [21, 2, 22, 0, 18, 16, 15, 6, 25]}
Attribute list: {0: [11, 33, 36, 0, 5, 27, 12, 25], 1: [20, 1, 22, 31, 19, 13, 6, 10], 2: [29, 2, 35, 32, 7, 15, 8, 37], 3: [21, 28, 23, 30, 16, 14, 38, 4], 4: [3, 26, 34, 18, 17, 9, 24]}
Attribute list: {0: [11, 1, 35, 30, 17, 12, 10], 1: [20, 2, 23, 18, 27, 6, 37], 2: [29, 28, 34, 5, 13, 8, 4], 3: [21, 26, 0, 19, 15, 38], 4: [3, 36, 31, 7, 14, 24], 5: [33, 22, 32, 16, 9, 25]}
Attribute list: {0: [11, 2, 34, 19, 14, 25], 1: [20, 28, 0, 7, 9, 10], 2: [29, 26, 31, 16, 12, 37], 3: [21, 36, 32, 17, 6, 4], 4: [3, 22, 30, 27, 8], 5: [33, 35, 18, 13, 38], 6: [1, 23, 5, 15, 24]}
Attribute list: {0: [11, 28, 31, 17, 8], 1: [20, 26, 32, 27, 38], 2: [29, 36, 30, 13, 24], 3: [21, 22, 18, 15, 25], 4: [3, 35, 5, 14, 10], 5: [33, 23, 19, 9, 37], 6: [1, 34, 7, 12, 4], 7: [2, 0, 16, 6]}
Attribute list: {0: [11, 26, 30, 15, 10], 1: [20, 36, 18, 14, 37], 2: [29, 22, 5, 9, 4], 3: [21, 35, 19, 12], 4: [3, 23, 7, 6], 5: [33, 34, 16, 8], 6: [1, 0, 17, 38], 7: [2, 31, 27, 24], 8: [28, 32, 13, 25]}

All Data: 

(K,Avg,StD,Max,Min,Swing)
1,0.99303,0.00037,0.99303,0.99303,0.00000
2,0.98711,0.00031,0.98839,0.98582,0.00257
3,0.97570,0.00048,0.98443,0.96009,0.02434
4,0.96598,0.00051,0.98542,0.94057,0.04485
5,0.95923,0.00054,0.98226,0.91345,0.06881
6,0.95207,0.00065,0.98060,0.88549,0.09511
7,0.94881,0.00063,0.97412,0.90910,0.06502
8,0.91347,0.00102,0.98312,0.81538,0.16774
9,0.88524,0.00114,0.97250,0.80810,0.16440

-Detailed Info
Individual Group Accuracies

1,[0.99302793027930281]
2,[0.98839388393883942, 0.98582185821858226]
3,[0.98257382573825747, 0.98442984429844294, 0.96008760087600886]
4,[0.9736477364773648, 0.98541985419854183, 0.94057340573405723, 0.96429764297642984]
5,[0.95477554775547746, 0.97355973559735587, 0.91344913449134491, 0.97208572085720868, 0.98225782257822569]
6,[0.93860338603386029, 0.97280772807728089, 0.88548885488854889, 0.98059980599805985, 0.97708377083770837, 0.95784957849578478]
7,[0.97412374123741241, 0.96936569365693648, 0.90909909099091002, 0.93235932359323592, 0.96644566445664459, 0.94898148981489816, 0.94130541305413051]
8,[0.94140141401414024, 0.98311983119831192, 0.8813168131681316, 0.96403764037640371, 0.92969529695296949, 0.95112951129511303, 0.81537815378153788, 0.84166041660416602]
9,[0.95089350893508939, 0.97249972499725001, 0.88000880008800098, 0.92832328323283231, 0.93185531855318549, 0.81663016630166307, 0.80810408104081044, 0.84164441644416443, 0.83721637216372158]

Individual Group Standard Deviations
1,[0.00036717665552215119]
2,[0.00024687085469591506, 0.0003764821838580266]
3,[0.00050266196728599192, 0.0003918712431986695, 0.00053946438289041081]
4,[0.00038711625794452513, 0.00036381677701793262, 0.00077389661987871622, 0.00049958081587954926]
5,[0.00058377291456716189, 0.00046454743144779925, 0.00075776743409326341, 0.00052530897475941353, 0.00039056247997696725]
6,[0.00080914590419552145, 0.00056272758348513386, 0.00090045333929263626, 0.00039365352690720373, 0.00069830777786466787, 0.00051057341654083173]
7,[0.00030362121748594008, 0.00068977787426296273, 0.00073095190386255541, 0.00074289369210240989, 0.00035262797239766054, 0.00076067573412958399, 0.00083251297977146002]
8,[0.00094663293952238349, 0.00022226333034221872, 0.0010110175285456917, 0.0005243867843514596, 0.00091793292343874094, 0.00080660585926162188, 0.0025542142587412688, 0.0011381748146522433]
9,[0.0008232360258657983, 0.00058501867055901541, 0.00094009450347563818, 0.00080326639707732747, 0.00089243483163699831, 0.0018644799611051966, 0.0017005886744735127, 0.0011301015628973864, 0.0015382273312582698]

Done in: 1853.6682146790004 seconds


Skipping op 1


Test iteration: 1


yx: [(26275.333027976696, 35), (1498.6402822478813, 18), (25.102748259044908, 9), (63.882875658291091, 15), (103141.73475563368, 1), (726.52400566918743, 5), (34126.247879356721, 26), (26404.647175786788, 22), (4.7215838138959985, 25), (0.41032775533696558, 37), (7136.1408784634359, 0), (23532.215245418149, 34), (178.31221948476394, 16), (89315.173064683084, 2), (4.9197378982601307, 38), (3.8081941023847272, 10), (249651.91429868632, 29), (4.7974769892427505, 24), (859690.73459045927, 11), (110.47879543303239, 27), (575492.37092132075, 20), (5.6397421975320245, 8), (139564.84200663623, 33), (174.70779859059186, 17), (74.405586785643564, 13), (14.017015723272747, 12), (76540.039743878253, 28), (221239.53271641111, 21), (7094.4840785301367, 32), (542.2307982161617, 19), (26265.444108779953, 23), (253.37625374288726, 7), (0.39208729824394639, 4), (13.126292398495275, 6), (38.810472385617985, 14), (2488.7033743677689, 30), (214963.14020030797, 3), (7105.5540998597116, 31), (26479.901807907481, 36)]


----- SVM_LINEAR Op: 0 --

Attribute list: {0: [35, 18, 9, 15, 1, 5, 26, 22, 25, 37, 0, 34, 16, 2, 38, 10, 29, 24, 11, 27, 20, 8, 33, 17, 13, 12, 28, 21, 32, 19, 23, 7, 4, 6, 14, 30, 3, 31, 36]}
Attribute list: {0: [35, 9, 1, 26, 25, 0, 16, 38, 29, 11, 20, 33, 13, 28, 32, 23, 4, 14, 3, 36], 1: [18, 15, 5, 22, 37, 34, 2, 10, 24, 27, 8, 17, 12, 21, 19, 7, 6, 30, 31]}
Attribute list: {0: [35, 15, 26, 37, 16, 10, 11, 8, 13, 21, 23, 6, 3], 1: [18, 1, 22, 0, 2, 29, 27, 33, 12, 32, 7, 14, 31], 2: [9, 5, 25, 34, 38, 24, 20, 17, 28, 19, 4, 30, 36]}
Attribute list: {0: [35, 1, 25, 16, 29, 20, 13, 32, 4, 3], 1: [18, 5, 37, 2, 24, 8, 12, 19, 6, 31], 2: [9, 26, 0, 38, 11, 33, 28, 23, 14, 36], 3: [15, 22, 34, 10, 27, 17, 21, 7, 30]}
Attribute list: {0: [35, 5, 0, 10, 20, 12, 23, 30], 1: [18, 26, 34, 29, 8, 28, 7, 3], 2: [9, 22, 16, 24, 33, 21, 4, 31], 3: [15, 25, 2, 11, 17, 32, 6, 36], 4: [1, 37, 38, 27, 13, 19, 14]}
Attribute list: {0: [35, 26, 16, 11, 13, 23, 3], 1: [18, 22, 2, 27, 12, 7, 31], 2: [9, 25, 38, 20, 28, 4, 36], 3: [15, 37, 10, 8, 21, 6], 4: [1, 0, 29, 33, 32, 14], 5: [5, 34, 24, 17, 19, 30]}
Attribute list: {0: [35, 22, 38, 8, 32, 30], 1: [18, 25, 10, 33, 19, 3], 2: [9, 37, 29, 17, 23, 31], 3: [15, 0, 24, 13, 7, 36], 4: [1, 34, 11, 12, 4], 5: [5, 16, 27, 28, 6], 6: [26, 2, 20, 21, 14]}
Attribute list: {0: [35, 25, 29, 13, 4], 1: [18, 37, 24, 12, 6], 2: [9, 0, 11, 28, 14], 3: [15, 34, 27, 21, 30], 4: [1, 16, 20, 32, 3], 5: [5, 2, 8, 19, 31], 6: [26, 38, 33, 23, 36], 7: [22, 10, 17, 7]}
Attribute list: {0: [35, 37, 11, 21, 3], 1: [18, 0, 27, 32, 31], 2: [9, 34, 20, 19, 36], 3: [15, 16, 8, 23], 4: [1, 2, 33, 7], 5: [5, 38, 17, 4], 6: [26, 10, 13, 6], 7: [22, 29, 12, 14], 8: [25, 24, 28, 30]}

All Data: 

(K,Avg,StD,Max,Min,Swing)
1,0.99303,0.00037,0.99303,0.99303,0.00000
2,0.98349,0.00047,0.98481,0.98217,0.00264
3,0.98120,0.00045,0.98466,0.97639,0.00827
4,0.93908,0.00074,0.97455,0.84268,0.13187
5,0.94502,0.00065,0.98653,0.80620,0.18033
6,0.88384,0.00114,0.98269,0.80621,0.17648
7,0.86989,0.00118,0.98215,0.80774,0.17441
8,0.89688,0.00104,0.97087,0.80573,0.16514
9,0.85961,0.00132,0.97285,0.80567,0.16718

-Detailed Info
Individual Group Accuracies

1,[0.99302793027930281]
2,[0.98481184811848121, 0.98216782167821681]
3,[0.98466384663846651, 0.98255382553825543, 0.97639176391763915]
4,[0.97399373993739946, 0.84268042680426802, 0.97455174551745516, 0.96507765077650787]
5,[0.97386173861738623, 0.98388583885838865, 0.98653186531865322, 0.9746017460174603, 0.80620406204062045]
6,[0.98269182691826917, 0.84444244442444416, 0.9727317273172732, 0.80621406214062152, 0.88770887708877078, 0.80923609236092342]
7,[0.80773807738077397, 0.83752037520375211, 0.88150681506815065, 0.80883808838088389, 0.93652936529365294, 0.83492234922349229, 0.98214982149821495]
8,[0.88034080340803411, 0.80651406514065138, 0.94419344193441934, 0.95793957939579388, 0.96760567605676062, 0.84180641806418066, 0.97087170871708717, 0.80573405734057335]
9,[0.96590165901659009, 0.81128011280112811, 0.97284572845728456, 0.8056860568605686, 0.85387453874538743, 0.80577205772057714, 0.80567005670056679, 0.87995479954799549, 0.83546035460354595]

Individual Group Standard Deviations
1,[0.00036717665552215119]
2,[0.00053094410064010692, 0.00040975524154106572]
3,[0.00045758954068335947, 0.00038893061762402035, 0.0004924843660389053]
4,[0.00075219366911036451, 0.0012793000945872581, 0.00045199567031253444, 0.00047119045022857168]
5,[0.00053585608404325394, 0.00027008417003201388, 0.00037016042516874626, 0.00031669860427558239, 0.0017681307998611961]
6,[0.0004333817674710722, 0.0012404091148252761, 0.00056005559832401236, 0.0017169749444195343, 0.00099716592736531339, 0.0018641795790541591]
7,[0.00161970752569315, 0.001447583472463208, 0.00094430600664587299, 0.0016965899823067068, 0.00080245428442572426, 0.0014713488019940969, 0.00031003535673993263]
8,[0.00096841868868860871, 0.0017462660131248278, 0.00089167253042720946, 0.00045268542991958732, 0.00081814264470248216, 0.0012163903945542583, 0.00054334326572489332, 0.0017003063901977428]
9,[0.00058731839646266118, 0.0015613919298662392, 0.00076343674044078891, 0.0016936922304777334, 0.0012642847654541864, 0.0017169982415146459, 0.001706351145688818, 0.00091642828237234149, 0.0016949670964304527]

Done in: 1940.1213964910003 seconds


Skipping op 1


Test iteration: 2


yx: [(26404.647175786788, 22), (26275.333027976696, 35), (38.810472385617985, 14), (63.882875658291091, 15), (575492.37092132075, 20), (25.102748259044908, 9), (23532.215245418149, 34), (26479.901807907481, 36), (4.7215838138959985, 25), (253.37625374288726, 7), (221239.53271641111, 21), (7105.5540998597116, 31), (26265.444108779953, 23), (2488.7033743677689, 30), (74.405586785643564, 13), (1498.6402822478813, 18), (249651.91429868632, 29), (4.7974769892427505, 24), (174.70779859059186, 17), (4.9197378982601307, 38), (110.47879543303239, 27), (7094.4840785301367, 32), (3.8081941023847272, 10), (0.41032775533696558, 37), (0.39208729824394639, 4), (214963.14020030797, 3), (726.52400566918743, 5), (76540.039743878253, 28), (7136.1408784634359, 0), (89315.173064683084, 2), (542.2307982161617, 19), (34126.247879356721, 26), (859690.73459045927, 11), (14.017015723272747, 12), (178.31221948476394, 16), (5.6397421975320245, 8), (103141.73475563368, 1), (13.126292398495275, 6), (139564.84200663623, 33)]


----- SVM_LINEAR Op: 0 --

Attribute list: {0: [22, 35, 14, 15, 20, 9, 34, 36, 25, 7, 21, 31, 23, 30, 13, 18, 29, 24, 17, 38, 27, 32, 10, 37, 4, 3, 5, 28, 0, 2, 19, 26, 11, 12, 16, 8, 1, 6, 33]}
Attribute list: {0: [22, 14, 20, 34, 25, 21, 23, 13, 29, 17, 27, 10, 4, 5, 0, 19, 11, 16, 1, 33], 1: [35, 15, 9, 36, 7, 31, 30, 18, 24, 38, 32, 37, 3, 28, 2, 26, 12, 8, 6]}
Attribute list: {0: [22, 15, 34, 7, 23, 18, 17, 32, 4, 28, 19, 12, 1], 1: [35, 20, 36, 21, 30, 29, 38, 10, 3, 0, 26, 16, 6], 2: [14, 9, 25, 31, 13, 24, 27, 37, 5, 2, 11, 8, 33]}
Attribute list: {0: [22, 20, 25, 23, 29, 27, 4, 0, 11, 1], 1: [35, 9, 7, 30, 24, 32, 3, 2, 12, 6], 2: [14, 34, 21, 13, 17, 10, 5, 19, 16, 33], 3: [15, 36, 31, 18, 38, 37, 28, 26, 8]}
Attribute list: {0: [22, 9, 21, 18, 27, 3, 19, 8], 1: [35, 34, 31, 29, 32, 5, 26, 1], 2: [14, 36, 23, 24, 10, 28, 11, 6], 3: [15, 25, 30, 17, 37, 0, 12, 33], 4: [20, 7, 13, 38, 4, 2, 16]}
Attribute list: {0: [22, 34, 23, 17, 4, 19, 1], 1: [35, 36, 30, 38, 3, 26, 6], 2: [14, 25, 13, 27, 5, 11, 33], 3: [15, 7, 18, 32, 28, 12], 4: [20, 21, 29, 10, 0, 16], 5: [9, 31, 24, 37, 2, 8]}
Attribute list: {0: [22, 36, 13, 32, 0, 8], 1: [35, 25, 18, 10, 2, 1], 2: [14, 7, 29, 37, 19, 6], 3: [15, 21, 24, 4, 26, 33], 4: [20, 31, 17, 3, 11], 5: [9, 23, 38, 5, 12], 6: [34, 30, 27, 28, 16]}
Attribute list: {0: [22, 25, 29, 4, 11], 1: [35, 7, 24, 3, 12], 2: [14, 21, 17, 5, 16], 3: [15, 31, 38, 28, 8], 4: [20, 23, 27, 0, 1], 5: [9, 30, 32, 2, 6], 6: [34, 13, 10, 19, 33], 7: [36, 18, 37, 26]}
Attribute list: {0: [22, 7, 17, 28, 1], 1: [35, 21, 38, 0, 6], 2: [14, 31, 27, 2, 33], 3: [15, 23, 32, 19], 4: [20, 30, 10, 26], 5: [9, 13, 37, 11], 6: [34, 18, 4, 12], 7: [36, 29, 3, 16], 8: [25, 24, 5, 8]}

All Data: 

(K,Avg,StD,Max,Min,Swing)
1,0.99303,0.00037,0.99303,0.99303,0.00000
2,0.98097,0.00049,0.98832,0.97361,0.01471
3,0.95483,0.00051,0.98293,0.90649,0.07644
4,0.91269,0.00102,0.98585,0.83807,0.14778
5,0.95129,0.00080,0.97069,0.93378,0.03691
6,0.91297,0.00086,0.98467,0.83810,0.14658
7,0.89483,0.00098,0.98075,0.80569,0.17505
8,0.87402,0.00129,0.97147,0.80631,0.16516
9,0.90214,0.00099,0.98138,0.80568,0.17569

-Detailed Info
Individual Group Accuracies

1,[0.99302793027930281]
2,[0.97361373613736135, 0.98831988319883202]
3,[0.90648906489064895, 0.9829278292782927, 0.9750697506975069]
4,[0.9721437214372145, 0.98585385853858531, 0.83807438074380747, 0.85467654676546767]
5,[0.93377933779337796, 0.95952959529595305, 0.94118541185411853, 0.9512655126551266, 0.97068570685706845]
6,[0.90546305463054644, 0.98467184671846708, 0.93860738607386074, 0.83809638096380967, 0.96932169321693207, 0.84164441644416443]
7,[0.81219412194121943, 0.97704377043770452, 0.87986479864798661, 0.98074580745807471, 0.97505375053750531, 0.80569405694056928, 0.83323633236332362]
8,[0.93860738607386074, 0.96697766977669775, 0.80631006310063102, 0.83574035740357411, 0.97146771467714677, 0.84163641636416364, 0.81655016550165505, 0.81489614896148965]
9,[0.90684906849068481, 0.96330963309633089, 0.97171371713717147, 0.81161411614116141, 0.98137581375813754, 0.93889738897388964, 0.8097380973809738, 0.93006330063300635, 0.80568405684056843]

Individual Group Standard Deviations
1,[0.00036717665552215119]
2,[0.00059738692435225553, 0.00038136977966750639]
3,[0.00067847564918579323, 0.00038587430332256582, 0.00047197929537941345]
4,[0.00067678147183372118, 0.00028324124788607825, 0.0015593821318745215, 0.0015749240005359124]
5,[0.00083050213401706415, 0.00080461975379320051, 0.00099247352608294046, 0.00070259082873895876, 0.00068556064634793274]
6,[0.00066935264294269541, 0.00044844177100303084, 0.00080965987359918237, 0.0014878105630032395, 0.00063120833996355488, 0.0011301015628973864]
7,[0.0015640309855031505, 0.00035257124970324678, 0.00097867418274280474, 0.00036636960097729263, 0.00034003869267286901, 0.0017056618027477609, 0.0015269389740979902]
8,[0.00080965987359918237, 0.00056785777199643104, 0.0017023847867005191, 0.0018342418838662917, 0.00066578139449293664, 0.0011356063542913393, 0.0019398894976386839, 0.0016847411572023484]
9,[0.0006963114941931453, 0.00056153922970225061, 0.00055920501980383729, 0.0015933344827881036, 0.00036423433846878968, 0.00074663722736494683, 0.001869082627667374, 0.00084583586392078828, 0.0017048290613876703]

Done in: 2114.2961480840004 seconds


Skipping op 1


Test iteration: 3


yx: [(178.31221948476394, 16), (14.017015723272747, 12), (4.7974769892427505, 24), (26479.901807907481, 36), (7136.1408784634359, 0), (5.6397421975320245, 8), (249651.91429868632, 29), (139564.84200663623, 33), (7105.5540998597116, 31), (221239.53271641111, 21), (26275.333027976696, 35), (110.47879543303239, 27), (74.405586785643564, 13), (76540.039743878253, 28), (575492.37092132075, 20), (859690.73459045927, 11), (0.39208729824394639, 4), (23532.215245418149, 34), (174.70779859059186, 17), (25.102748259044908, 9), (1498.6402822478813, 18), (2488.7033743677689, 30), (34126.247879356721, 26), (4.9197378982601307, 38), (38.810472385617985, 14), (26404.647175786788, 22), (214963.14020030797, 3), (542.2307982161617, 19), (13.126292398495275, 6), (103141.73475563368, 1), (89315.173064683084, 2), (4.7215838138959985, 25), (3.8081941023847272, 10), (253.37625374288726, 7), (0.41032775533696558, 37), (63.882875658291091, 15), (7094.4840785301367, 32), (726.52400566918743, 5), (26265.444108779953, 23)]


----- SVM_LINEAR Op: 0 --

Attribute list: {0: [16, 12, 24, 36, 0, 8, 29, 33, 31, 21, 35, 27, 13, 28, 20, 11, 4, 34, 17, 9, 18, 30, 26, 38, 14, 22, 3, 19, 6, 1, 2, 25, 10, 7, 37, 15, 32, 5, 23]}
Attribute list: {0: [16, 24, 0, 29, 31, 35, 13, 20, 4, 17, 18, 26, 14, 3, 6, 2, 10, 37, 32, 23], 1: [12, 36, 8, 33, 21, 27, 28, 11, 34, 9, 30, 38, 22, 19, 1, 25, 7, 15, 5]}
Attribute list: {0: [16, 36, 29, 21, 13, 11, 17, 30, 14, 19, 2, 7, 32], 1: [12, 0, 33, 35, 28, 4, 9, 26, 22, 6, 25, 37, 5], 2: [24, 8, 31, 27, 20, 34, 18, 38, 3, 1, 10, 15, 23]}
Attribute list: {0: [16, 0, 31, 13, 4, 18, 14, 6, 10, 32], 1: [12, 8, 21, 28, 34, 30, 22, 1, 7, 5], 2: [24, 29, 35, 20, 17, 26, 3, 2, 37, 23], 3: [36, 33, 27, 11, 9, 38, 19, 25, 15]}
Attribute list: {0: [16, 8, 35, 11, 18, 22, 2, 15], 1: [12, 29, 27, 4, 30, 3, 25, 32], 2: [24, 33, 13, 34, 26, 19, 10, 5], 3: [36, 31, 28, 17, 38, 6, 7, 23], 4: [0, 21, 20, 9, 14, 1, 37]}
Attribute list: {0: [16, 29, 13, 17, 14, 2, 32], 1: [12, 33, 28, 9, 22, 25, 5], 2: [24, 31, 20, 18, 3, 10, 23], 3: [36, 21, 11, 30, 19, 7], 4: [0, 35, 4, 26, 6, 37], 5: [8, 27, 34, 38, 1, 15]}
Attribute list: {0: [16, 33, 20, 30, 6, 15], 1: [12, 31, 11, 26, 1, 32], 2: [24, 21, 4, 38, 2, 5], 3: [36, 35, 34, 14, 25, 23], 4: [0, 27, 17, 22, 10], 5: [8, 13, 9, 3, 7], 6: [29, 28, 18, 19, 37]}
Attribute list: {0: [16, 31, 4, 14, 10], 1: [12, 21, 34, 22, 7], 2: [24, 35, 17, 3, 37], 3: [36, 27, 9, 19, 15], 4: [0, 13, 18, 6, 32], 5: [8, 28, 30, 1, 5], 6: [29, 20, 26, 2, 23], 7: [33, 11, 38, 25]}
Attribute list: {0: [16, 21, 17, 19, 32], 1: [12, 35, 9, 6, 5], 2: [24, 27, 18, 1, 23], 3: [36, 13, 30, 2], 4: [0, 28, 26, 25], 5: [8, 20, 38, 10], 6: [29, 11, 14, 7], 7: [33, 4, 22, 37], 8: [31, 34, 3, 15]}

All Data: 

(K,Avg,StD,Max,Min,Swing)
1,0.99303,0.00037,0.99303,0.99303,0.00000
2,0.98428,0.00032,0.98528,0.98328,0.00201
3,0.97807,0.00050,0.98373,0.97426,0.00947
4,0.92852,0.00083,0.98344,0.81116,0.17229
5,0.94550,0.00064,0.97619,0.83695,0.13924
6,0.91182,0.00093,0.97410,0.81703,0.15707
7,0.86841,0.00117,0.98180,0.80568,0.17612
8,0.89724,0.00108,0.98355,0.80569,0.17786
9,0.89504,0.00105,0.96763,0.80569,0.16194

-Detailed Info
Individual Group Accuracies

1,[0.99302793027930281]
2,[0.9832778327783277, 0.98528385283852837]
3,[0.98372983729837293, 0.97425574255742564, 0.97621376213762157]
4,[0.81115611156111567, 0.96654766547665472, 0.98344383443834449, 0.95291952919529188]
5,[0.97460574605746042, 0.97618976189761908, 0.97028970289702898, 0.8369543695436954, 0.96943969439694411]
6,[0.90991509915099156, 0.95120551205512061, 0.97409774097740964, 0.9694756947569475, 0.81702617026170254, 0.84918849188491874]
7,[0.98179781797817967, 0.94794147941479423, 0.84177441774417738, 0.80740607406074061, 0.8093580935809358, 0.80567805678056781, 0.88490084900848998]
8,[0.80569405694056928, 0.93062930629306295, 0.96534165341653411, 0.80620006200062, 0.81391613916139161, 0.93393733937339385, 0.98355183551835501, 0.93863538635386357]
9,[0.80617006170061711, 0.8056860568605686, 0.94060140601406006, 0.84167641676416771, 0.8392183921839218, 0.96762967629676289, 0.93860738607386074, 0.95030550305503048, 0.96546165461654621]

Individual Group Standard Deviations
1,[0.00036717665552215119]
2,[0.00039372465044303746, 0.00023938493289507804]
3,[0.00029745885366978949, 0.00043056672855155043, 0.00077428417926486833]
4,[0.0015163185629048271, 0.00043549947551851134, 0.00071130451919820554, 0.00067549176585423231]
5,[0.00032333587940616834, 0.00047812610477635393, 0.00045488914964204017, 0.0013913959607030606, 0.0005518750685538777]
6,[0.00078294077672826415, 0.00062157198054279324, 0.00071918449960712888, 0.00041088608704925676, 0.0016995510493028792, 0.0013530397681329211]
7,[0.00023903376903093443, 0.00075566356303008193, 0.0011476281370178922, 0.0018208795434390217, 0.0017123839069787125, 0.0017062526851769014, 0.00081456078356317342]
8,[0.0016833777576438815, 0.00089159177802314023, 0.00064555738307685631, 0.001684266230371846, 0.0016801763179996431, 0.00087751433068126018, 0.00037134722021494541, 0.00082411017654420902]
9,[0.0017360173601736013, 0.0017098872693827162, 0.00085834185202695353, 0.0011465087393972805, 0.0013836467357581823, 0.00072832040267943924, 0.00080965987359918237, 0.00076175823294145049, 0.00035459627008433011]

Done in: 1990.7783906669993 seconds


Skipping op 1


Test iteration: 4


yx: [(3.8081941023847272, 10), (38.810472385617985, 14), (214963.14020030797, 3), (7094.4840785301367, 32), (14.017015723272747, 12), (221239.53271641111, 21), (253.37625374288726, 7), (63.882875658291091, 15), (7105.5540998597116, 31), (76540.039743878253, 28), (7136.1408784634359, 0), (26265.444108779953, 23), (34126.247879356721, 26), (0.39208729824394639, 4), (103141.73475563368, 1), (1498.6402822478813, 18), (542.2307982161617, 19), (178.31221948476394, 16), (26479.901807907481, 36), (575492.37092132075, 20), (2488.7033743677689, 30), (174.70779859059186, 17), (26275.333027976696, 35), (249651.91429868632, 29), (139564.84200663623, 33), (89315.173064683084, 2), (5.6397421975320245, 8), (0.41032775533696558, 37), (726.52400566918743, 5), (23532.215245418149, 34), (4.9197378982601307, 38), (26404.647175786788, 22), (859690.73459045927, 11), (74.405586785643564, 13), (4.7215838138959985, 25), (4.7974769892427505, 24), (25.102748259044908, 9), (110.47879543303239, 27), (13.126292398495275, 6)]


----- SVM_LINEAR Op: 0 --

Attribute list: {0: [10, 14, 3, 32, 12, 21, 7, 15, 31, 28, 0, 23, 26, 4, 1, 18, 19, 16, 36, 20, 30, 17, 35, 29, 33, 2, 8, 37, 5, 34, 38, 22, 11, 13, 25, 24, 9, 27, 6]}
Attribute list: {0: [10, 3, 12, 7, 31, 0, 26, 1, 19, 36, 30, 35, 33, 8, 5, 38, 11, 25, 9, 6], 1: [14, 32, 21, 15, 28, 23, 4, 18, 16, 20, 17, 29, 2, 37, 34, 22, 13, 24, 27]}
Attribute list: {0: [10, 32, 7, 28, 26, 18, 36, 17, 33, 37, 38, 13, 9], 1: [14, 12, 15, 0, 4, 19, 20, 35, 2, 5, 22, 25, 27], 2: [3, 21, 31, 23, 1, 16, 30, 29, 8, 34, 11, 24, 6]}
Attribute list: {0: [10, 12, 31, 26, 19, 30, 33, 5, 11, 9], 1: [14, 21, 28, 4, 16, 17, 2, 34, 13, 27], 2: [3, 7, 0, 1, 36, 35, 8, 38, 25, 6], 3: [32, 15, 23, 18, 20, 29, 37, 22, 24]}
Attribute list: {0: [10, 21, 0, 18, 30, 2, 38, 24], 1: [14, 7, 23, 19, 17, 8, 22, 9], 2: [3, 15, 26, 16, 35, 37, 11, 27], 3: [32, 31, 4, 36, 29, 5, 13, 6], 4: [12, 28, 1, 20, 33, 34, 25]}
Attribute list: {0: [10, 7, 26, 36, 33, 38, 9], 1: [14, 15, 4, 20, 2, 22, 27], 2: [3, 31, 1, 30, 8, 11, 6], 3: [32, 28, 18, 17, 37, 13], 4: [12, 0, 19, 35, 5, 25], 5: [21, 23, 16, 29, 34, 24]}
Attribute list: {0: [10, 15, 1, 17, 5, 24], 1: [14, 31, 18, 35, 34, 9], 2: [3, 28, 19, 29, 38, 27], 3: [32, 0, 16, 33, 22, 6], 4: [12, 23, 36, 2, 11], 5: [21, 26, 20, 8, 13], 6: [7, 4, 30, 37, 25]}
Attribute list: {0: [10, 31, 19, 33, 11], 1: [14, 28, 16, 2, 13], 2: [3, 0, 36, 8, 25], 3: [32, 23, 20, 37, 24], 4: [12, 26, 30, 5, 9], 5: [21, 4, 17, 34, 27], 6: [7, 1, 35, 38, 6], 7: [15, 18, 29, 22]}
Attribute list: {0: [10, 28, 36, 37, 9], 1: [14, 0, 20, 5, 27], 2: [3, 23, 30, 34, 6], 3: [32, 26, 17, 38], 4: [12, 4, 35, 22], 5: [21, 1, 29, 11], 6: [7, 18, 33, 13], 7: [15, 19, 2, 25], 8: [31, 16, 8, 24]}

All Data: 

(K,Avg,StD,Max,Min,Swing)
1,0.99303,0.00037,0.99303,0.99303,0.00000
2,0.97984,0.00055,0.98640,0.97328,0.01313
3,0.97859,0.00039,0.98393,0.97299,0.01094
4,0.94912,0.00052,0.97774,0.87901,0.09873
5,0.92270,0.00085,0.98579,0.80629,0.17950
6,0.92152,0.00086,0.97310,0.80906,0.16404
7,0.88450,0.00111,0.98187,0.80564,0.17622
8,0.91059,0.00121,0.97251,0.84007,0.13244
9,0.86801,0.00121,0.96783,0.80565,0.16219

-Detailed Info
Individual Group Accuracies

1,[0.99302793027930281]
2,[0.98640186401864016, 0.97327573275732759]
3,[0.9788617886178862, 0.97298572985729836, 0.98392783927839278]
4,[0.97774377743777452, 0.87901079010790117, 0.96722967229672308, 0.97249172491724922]
5,[0.97038370383703842, 0.80629406294062955, 0.98579385793857932, 0.88333083330833306, 0.96768367683676837]
6,[0.97305573055730554, 0.97209372093720936, 0.97310173101731012, 0.83779437794377931, 0.80906209062090628, 0.96401764017640179]
7,[0.80589805898058986, 0.81042610426104267, 0.89799697996979977, 0.91510115101151013, 0.9746017460174603, 0.98186581865818656, 0.80564405644056447]
8,[0.9386993869938699, 0.8650946509465095, 0.96541965419654185, 0.97250972509725098, 0.84007440074400752, 0.88167481674816739, 0.9407414074140743, 0.88049880498805]
9,[0.83642036420364207, 0.96783367833678347, 0.96742367423674236, 0.82027220272202717, 0.80564805648056481, 0.96046560465604658, 0.80654406544065438, 0.84178241782417818, 0.80567605676056753]

Individual Group Standard Deviations
1,[0.00036717665552215119]
2,[0.00044665421746565448, 0.00064426105066543043]
3,[0.00030426608675266503, 0.00055651612211408529, 0.00031006115969086246]
4,[0.00029207140583354123, 0.00061213029171283651, 0.00059977261900482205, 0.0005901041979383307]
5,[0.00053943472243386066, 0.0016919932791057103, 0.00040824910695553824, 0.00084500312457066963, 0.00076631308527007444]
6,[0.0004558817352585416, 0.00057580433393599189, 0.00033618188582060687, 0.0014632111329272704, 0.0017551654086735481, 0.00055228805926933831]
7,[0.0017157444084953657, 0.0019173652561321648, 0.00072899014292337517, 0.00088811698269797995, 0.00031802204758529226, 0.00048988651721803699, 0.0016860251639085331]
8,[0.00081651291098181692, 0.0015163080107846569, 0.00061064511601409985, 0.00058262062176157219, 0.0015709339121746464, 0.0027686995707695825, 0.0007192957303329507, 0.0010697957230907968]
9,[0.0014381854426118003, 0.00069985269580600986, 0.00035415605108146491, 0.0015644273547896592, 0.001684534580485455, 0.00050106788098551718, 0.0017511954012616605, 0.0011936886100266956, 0.0016909267235388358]

Done in: 1987.8219503699984 seconds


Skipping op 1


Test iteration: 5


yx: [(110.47879543303239, 27), (7094.4840785301367, 32), (13.126292398495275, 6), (7136.1408784634359, 0), (542.2307982161617, 19), (221239.53271641111, 21), (0.39208729824394639, 4), (25.102748259044908, 9), (4.9197378982601307, 38), (89315.173064683084, 2), (253.37625374288726, 7), (4.7974769892427505, 24), (174.70779859059186, 17), (5.6397421975320245, 8), (726.52400566918743, 5), (23532.215245418149, 34), (26479.901807907481, 36), (74.405586785643564, 13), (76540.039743878253, 28), (2488.7033743677689, 30), (575492.37092132075, 20), (14.017015723272747, 12), (26275.333027976696, 35), (26265.444108779953, 23), (34126.247879356721, 26), (214963.14020030797, 3), (859690.73459045927, 11), (178.31221948476394, 16), (63.882875658291091, 15), (4.7215838138959985, 25), (139564.84200663623, 33), (38.810472385617985, 14), (249651.91429868632, 29), (3.8081941023847272, 10), (1498.6402822478813, 18), (0.41032775533696558, 37), (26404.647175786788, 22), (7105.5540998597116, 31), (103141.73475563368, 1)]


----- SVM_LINEAR Op: 0 --

Attribute list: {}
Attribute list: {}
Attribute list: {}
Attribute list: {}
Attribute list: {}
Attribute list: {}
Attribute list: {}
Attribute list: {}
Attribute list: {}

All Data: 

(K,Avg,StD,Max,Min,Swing)
