
 *** *** *** *** NEW FILE OPEN *** *** *** *** 

Num features in file: 57
Test iteration: 0. Op: 0

All Data: 

3,0.83098,0.01682,0.85242,0.81135,0.04108
4,0.80933,0.00799,0.82200,0.80156,0.02043
5,0.78600,0.02540,0.81287,0.74506,0.06781
6,0.77038,0.01737,0.80113,0.75071,0.05042
7,0.75369,0.02871,0.78874,0.71876,0.06998
8,0.74707,0.02374,0.78961,0.71419,0.07542
9,0.73322,0.02845,0.78983,0.69615,0.09368
10,0.72643,0.02936,0.77461,0.68550,0.08911
11,0.71315,0.02986,0.77266,0.67681,0.09585
12,0.71390,0.03039,0.77570,0.67094,0.10476

Skipping op 1

Test iteration: 1. Op: 0

All Data: 

3,0.85445,0.00616,0.86242,0.84742,0.01500
4,0.82536,0.02039,0.84721,0.79200,0.05521
5,0.81230,0.03224,0.85460,0.75853,0.09607
6,0.79396,0.03486,0.85112,0.74440,0.10672
7,0.77896,0.03305,0.83243,0.73658,0.09585
8,0.76627,0.02314,0.79613,0.72636,0.06977
9,0.75670,0.03393,0.81200,0.70919,0.10280
10,0.75444,0.03893,0.86438,0.71984,0.14453
11,0.74035,0.02440,0.78374,0.70007,0.08368
12,0.73049,0.02780,0.77679,0.69702,0.07977

Skipping op 1

Test iteration: 2. Op: 0

All Data: 

3,0.85286,0.01630,0.87177,0.83199,0.03977
4,0.83634,0.01459,0.85525,0.81461,0.04064
5,0.81539,0.02679,0.85894,0.78309,0.07585
6,0.79378,0.03127,0.83330,0.73723,0.09607
7,0.77741,0.02003,0.79613,0.73767,0.05847
8,0.76934,0.03121,0.81352,0.72506,0.08846
9,0.76377,0.03774,0.86438,0.72723,0.13714
10,0.74951,0.02207,0.78918,0.70637,0.08281
11,0.73804,0.02541,0.77679,0.70376,0.07303
12,0.73091,0.02330,0.77418,0.68855,0.08563

Skipping op 1

Test iteration: 3. Op: 0

All Data: 

3,0.85699,0.01465,0.87633,0.84090,0.03543
4,0.84253,0.01353,0.86459,0.82830,0.03630
5,0.82278,0.03469,0.87568,0.77874,0.09694
6,0.80772,0.04320,0.88155,0.73810,0.14345
7,0.77909,0.02199,0.80917,0.73810,0.07107
8,0.77005,0.03138,0.81395,0.72093,0.09302
9,0.76462,0.03698,0.86416,0.72723,0.13693
10,0.74960,0.02307,0.79352,0.70637,0.08715
11,0.73761,0.02663,0.77679,0.69876,0.07803
12,0.73191,0.02246,0.77222,0.68702,0.08520

Skipping op 1

Test iteration: 4. Op: 0

All Data: 

3,0.86213,0.01550,0.88350,0.84721,0.03630
4,0.82933,0.01544,0.84873,0.80917,0.03956
5,0.80804,0.01691,0.82504,0.77766,0.04738
6,0.79892,0.03750,0.86286,0.74245,0.12041
7,0.78290,0.03383,0.86286,0.75723,0.10563
8,0.76391,0.01228,0.77679,0.74158,0.03521
9,0.75913,0.04086,0.84156,0.70007,0.14149
10,0.74562,0.03297,0.81678,0.70506,0.11171
11,0.74664,0.05159,0.87329,0.67942,0.19387
12,0.73470,0.05240,0.88198,0.67464,0.20735

Skipping op 1

Test iteration: 5. Op: 0

All Data: 

3,0.84902,0.02079,0.87785,0.82960,0.04825
4,0.82602,0.02682,0.85829,0.78505,0.07324
5,0.80404,0.02395,0.82569,0.76788,0.05781
6,0.78918,0.01834,0.81395,0.76049,0.05347
7,0.77623,0.03693,0.85699,0.73484,0.12215
8,0.76462,0.01988,0.79830,0.73571,0.06260
9,0.75590,0.02663,0.81352,0.71419,0.09933
10,0.74625,0.03828,0.82265,0.69028,0.13236
11,0.73790,0.03718,0.82721,0.68898,0.13823
12,0.72919,0.03567,0.79222,0.66225,0.12997

Skipping op 1

Test iteration: 6. Op: 0

All Data: 

3,0.85300,0.01106,0.86764,0.84090,0.02673
4,0.82651,0.01927,0.84916,0.79591,0.05325
5,0.81200,0.02845,0.85699,0.77614,0.08085
6,0.79432,0.01160,0.80939,0.77657,0.03282
7,0.77927,0.01563,0.79961,0.75723,0.04238
8,0.77244,0.02946,0.83569,0.73136,0.10433
9,0.75532,0.02614,0.82134,0.72528,0.09607
10,0.74836,0.02001,0.77809,0.70919,0.06890
11,0.73901,0.04017,0.84047,0.68876,0.15171
12,0.73011,0.03256,0.78548,0.66768,0.11780

Skipping op 1

Test iteration: 7. Op: 0

All Data: 

3,0.85279,0.01560,0.87438,0.83808,0.03630
4,0.82667,0.00829,0.83873,0.81765,0.02108
5,0.80756,0.01055,0.81634,0.78744,0.02891
6,0.79349,0.03368,0.84721,0.73310,0.11411
7,0.77663,0.01886,0.79635,0.74766,0.04869
8,0.76375,0.02903,0.79744,0.72397,0.07346
9,0.75532,0.02690,0.82265,0.73180,0.09085
10,0.74471,0.02341,0.78092,0.71072,0.07020
11,0.73476,0.03753,0.80569,0.68789,0.11780
12,0.72678,0.04142,0.80569,0.67333,0.13236

Skipping op 1

Test iteration: 8. Op: 0
